0 VEX-IQ-气动-组装-4x冲程气缸-3
0 Name: s/228-7724-000s5.dat
0 Author: 
0 !LDRAW_ORG Subpart
0 !LICENSE Redistributable under CCAL version 2.0 : see CAreadme.txt

0 BFC CERTIFY CCW

0 // Created with stl2dat conversion tool

3 16 157.35 -15.87 6.02 157.35 -15.87 3.97 158.02 -15.87 4.08
2 24 157.35 -15.87 3.97 157.35 -15.87 6.02
3 16 162.4 -15.87 -0.67 162.23 -15.87 -1.33 176 -15.87 -6.02
3 16 157.35 -15.87 -3.97 157.35 -15.87 -6.02 158.02 -15.87 -4.08
2 24 157.35 -15.87 -6.02 157.35 -15.87 -3.97
3 16 158.02 -15.87 -4.08 157.35 -15.87 -6.02 158.7 -15.87 -4.08
3 16 158.02 -15.87 4.08 158.7 -15.87 4.08 157.35 -15.87 6.02
3 16 157.35 -15.87 6.02 158.7 -15.87 4.08 159.37 -15.87 3.97
4 16 157.35 -15.87 6.02 159.37 -15.87 3.97 160.01 -15.87 3.75 176 -15.87 6.02
3 16 176 -15.87 6.02 160.01 -15.87 3.75 160.6 -15.87 3.43
3 16 160.6 -15.87 3.43 161.13 -15.87 3.01 176 -15.87 6.02
3 16 176 -15.87 6.02 161.13 -15.87 3.01 161.59 -15.87 2.52
3 16 176 -15.87 6.02 161.59 -15.87 2.52 161.96 -15.87 1.95
3 16 162.23 -15.87 -1.33 161.96 -15.87 -1.95 176 -15.87 -6.02
3 16 176 -15.87 -6.02 161.96 -15.87 -1.95 161.59 -15.87 -2.52
3 16 176 -15.87 -6.02 161.59 -15.87 -2.52 161.13 -15.87 -3.01
3 16 161.96 -15.87 1.95 162.23 -15.87 1.33 176 -15.87 6.02
3 16 176 -15.87 6.02 162.23 -15.87 1.33 162.4 -15.87 0.67
4 16 176 -15.87 6.02 162.4 -15.87 0.67 162.46 -15.87 0 176 -15.87 -6.02
2 24 176 -15.87 6.02 176 -15.87 -6.02
3 16 176 -15.87 -6.02 162.46 -15.87 0 162.4 -15.87 -0.67
3 16 161.13 -15.87 -3.01 160.6 -15.87 -3.43 176 -15.87 -6.02
3 16 176 -15.87 -6.02 160.6 -15.87 -3.43 160.01 -15.87 -3.75
4 16 176 -15.87 -6.02 160.01 -15.87 -3.75 159.37 -15.87 -3.97 157.35 -15.87 -6.02
3 16 157.35 -15.87 -6.02 159.37 -15.87 -3.97 158.7 -15.87 -4.08

4 16 176 -0.87 -4.92 176 -1.71 -4.7 176 -6.97 -15.81 176 -6.02 -15.87
2 24 176 -6.97 -15.81 176 -6.02 -15.87
4 16 176 -6.97 -15.81 176 -1.71 -4.7 176 -2.5 -4.33 176 -7.9 -15.64
2 24 176 -7.9 -15.64 176 -6.97 -15.81
3 16 176 -11.57 -13.56 176 -10.46 -14.44 176 -3.21 -3.83
2 24 176 -11.57 -13.56 176 -10.46 -14.44
3 16 176 -3.21 -3.83 176 -10.46 -14.44 176 -9.66 -14.94
2 24 176 -10.46 -14.44 176 -9.66 -14.94
4 16 176 -3.21 -3.83 176 -9.66 -14.94 176 -8.8 -15.35 176 -2.5 -4.33
2 24 176 -9.66 -14.94 176 -8.8 -15.35
3 16 176 -2.5 -4.33 176 -8.8 -15.35 176 -7.9 -15.64
2 24 176 -8.8 -15.35 176 -7.9 -15.64
3 16 176 -11.57 -13.56 176 -3.21 -3.83 176 -12.61 -12.61
2 24 176 -12.61 -12.61 176 -11.57 -13.56
4 16 176 -12.61 -12.61 176 -3.21 -3.83 176 -3.83 -3.21 176 -13.56 -11.57
2 24 176 -13.56 -11.57 176 -12.61 -12.61
3 16 176 -5 0 176 -15.87 6.02 176 -4.92 -0.87
4 16 176 -4.92 -0.87 176 -15.87 6.02 176 -15.87 -6.02 176 -4.7 -1.71
3 16 176 -13.56 11.57 176 -3.83 3.21 176 -12.61 12.61
2 24 176 -12.61 12.61 176 -13.56 11.57
4 16 176 -12.61 12.61 176 -3.83 3.21 176 -3.21 3.83 176 -11.57 13.56
2 24 176 -11.57 13.56 176 -12.61 12.61
3 16 176 -11.57 13.56 176 -3.21 3.83 176 -10.46 14.44
2 24 176 -10.46 14.44 176 -11.57 13.56
3 16 176 -15.64 -7.9 176 -15.35 -8.8 176 -4.33 -2.5
2 24 176 -15.64 -7.9 176 -15.35 -8.8
3 16 176 -4.33 -2.5 176 -15.35 -8.8 176 -14.94 -9.66
2 24 176 -15.35 -8.8 176 -14.94 -9.66
4 16 176 -4.33 -2.5 176 -14.94 -9.66 176 -14.44 -10.46 176 -3.83 -3.21
2 24 176 -14.94 -9.66 176 -14.44 -10.46
3 16 176 -3.83 -3.21 176 -14.44 -10.46 176 -13.56 -11.57
2 24 176 -14.44 -10.46 176 -13.56 -11.57
3 16 176 -5 0 176 -4.92 0.87 176 -15.87 6.02
4 16 176 -15.87 6.02 176 -4.92 0.87 176 -4.7 1.71 176 -15.81 6.97
2 24 176 -15.81 6.97 176 -15.87 6.02
4 16 176 -15.81 6.97 176 -4.7 1.71 176 -4.33 2.5 176 -15.64 7.9
2 24 176 -15.64 7.9 176 -15.81 6.97
3 16 176 11.57 13.56 176 3.21 3.83 176 12.61 12.61
2 24 176 12.61 12.61 176 11.57 13.56
4 16 176 12.61 12.61 176 3.21 3.83 176 3.83 3.21 176 13.56 11.57
2 24 176 13.56 11.57 176 12.61 12.61
4 16 176 -4.7 -1.71 176 -15.87 -6.02 176 -15.81 -6.97 176 -4.33 -2.5
2 24 176 -15.87 -6.02 176 -15.81 -6.97
3 16 176 -4.33 -2.5 176 -15.81 -6.97 176 -15.64 -7.9
2 24 176 -15.81 -6.97 176 -15.64 -7.9
3 16 176 -13.56 11.57 176 -14.44 10.46 176 -3.83 3.21
2 24 176 -13.56 11.57 176 -14.44 10.46
3 16 176 -3.83 3.21 176 -14.44 10.46 176 -14.94 9.66
2 24 176 -14.44 10.46 176 -14.94 9.66
4 16 176 -3.83 3.21 176 -14.94 9.66 176 -15.35 8.8 176 -4.33 2.5
2 24 176 -14.94 9.66 176 -15.35 8.8
3 16 176 -4.33 2.5 176 -15.35 8.8 176 -15.64 7.9
2 24 176 -15.35 8.8 176 -15.64 7.9
3 16 176 -10.46 14.44 176 -3.21 3.83 176 -9.66 14.94
2 24 176 -9.66 14.94 176 -10.46 14.44
4 16 176 -9.66 14.94 176 -3.21 3.83 176 -2.5 4.33 176 -8.8 15.35
2 24 176 -8.8 15.35 176 -9.66 14.94
4 16 176 4.33 2.5 176 15.35 8.8 176 14.94 9.66 176 3.83 3.21
2 24 176 15.35 8.8 176 14.94 9.66
3 16 176 3.83 3.21 176 14.94 9.66 176 14.44 10.46
2 24 176 14.94 9.66 176 14.44 10.46
3 16 176 3.83 3.21 176 14.44 10.46 176 13.56 11.57
2 24 176 14.44 10.46 176 13.56 11.57
4 16 176 15.87 6.02 176 15.81 6.97 176 4.33 2.5 176 4.7 1.71
2 24 176 15.87 6.02 176 15.81 6.97
3 16 176 15.81 6.97 176 15.64 7.9 176 4.33 2.5
2 24 176 15.81 6.97 176 15.64 7.9
3 16 176 4.33 2.5 176 15.64 7.9 176 15.35 8.8
2 24 176 15.64 7.9 176 15.35 8.8
4 16 176 0 5 176 6.02 15.87 176 -6.02 15.87 176 -0.87 4.92
2 24 176 6.02 15.87 176 -6.02 15.87
4 16 176 -0.87 4.92 176 -6.02 15.87 176 -6.97 15.81 176 -1.71 4.7
2 24 176 -6.02 15.87 176 -6.97 15.81
4 16 176 -1.71 4.7 176 -6.97 15.81 176 -7.9 15.64 176 -2.5 4.33
2 24 176 -6.97 15.81 176 -7.9 15.64
3 16 176 -2.5 4.33 176 -7.9 15.64 176 -8.8 15.35
2 24 176 -7.9 15.64 176 -8.8 15.35
3 16 176 0 5 176 0.87 4.92 176 6.02 15.87
4 16 176 6.02 15.87 176 0.87 4.92 176 1.71 4.7 176 6.97 15.81
2 24 176 6.97 15.81 176 6.02 15.87
4 16 176 6.97 15.81 176 1.71 4.7 176 2.5 4.33 176 7.9 15.64
2 24 176 7.9 15.64 176 6.97 15.81
3 16 176 5 0 176 15.87 -6.02 176 4.92 0.87
4 16 176 4.92 0.87 176 15.87 -6.02 176 15.87 6.02 176 4.7 1.71
2 24 176 15.87 -6.02 176 15.87 6.02
3 16 176 11.57 13.56 176 10.46 14.44 176 3.21 3.83
2 24 176 11.57 13.56 176 10.46 14.44
3 16 176 3.21 3.83 176 10.46 14.44 176 9.66 14.94
2 24 176 10.46 14.44 176 9.66 14.94
4 16 176 3.21 3.83 176 9.66 14.94 176 8.8 15.35 176 2.5 4.33
2 24 176 9.66 14.94 176 8.8 15.35
3 16 176 2.5 4.33 176 8.8 15.35 176 7.9 15.64
2 24 176 8.8 15.35 176 7.9 15.64
3 16 176 5 0 176 4.92 -0.87 176 15.87 -6.02
4 16 176 15.87 -6.02 176 4.92 -0.87 176 4.7 -1.71 176 15.81 -6.97
2 24 176 15.81 -6.97 176 15.87 -6.02
4 16 176 15.81 -6.97 176 4.7 -1.71 176 4.33 -2.5 176 15.64 -7.9
2 24 176 15.64 -7.9 176 15.81 -6.97
4 16 176 7.9 -15.64 176 2.5 -4.33 176 1.71 -4.7 176 6.97 -15.81
2 24 176 6.97 -15.81 176 7.9 -15.64
4 16 176 6.97 -15.81 176 1.71 -4.7 176 0.87 -4.92 176 6.02 -15.87
2 24 176 6.02 -15.87 176 6.97 -15.81
4 16 176 6.02 -15.87 176 0.87 -4.92 176 0 -5 176 -6.02 -15.87
2 24 176 -6.02 -15.87 176 6.02 -15.87
3 16 176 -6.02 -15.87 176 0 -5 176 -0.87 -4.92
3 16 176 13.56 -11.57 176 3.83 -3.21 176 12.61 -12.61
2 24 176 12.61 -12.61 176 13.56 -11.57
4 16 176 12.61 -12.61 176 3.83 -3.21 176 3.21 -3.83 176 11.57 -13.56
2 24 176 11.57 -13.56 176 12.61 -12.61
3 16 176 7.9 -15.64 176 8.8 -15.35 176 2.5 -4.33
2 24 176 7.9 -15.64 176 8.8 -15.35
3 16 176 2.5 -4.33 176 8.8 -15.35 176 9.66 -14.94
2 24 176 8.8 -15.35 176 9.66 -14.94
4 16 176 2.5 -4.33 176 9.66 -14.94 176 10.46 -14.44 176 3.21 -3.83
2 24 176 9.66 -14.94 176 10.46 -14.44
3 16 176 3.21 -3.83 176 10.46 -14.44 176 11.57 -13.56
2 24 176 10.46 -14.44 176 11.57 -13.56
3 16 176 13.56 -11.57 176 14.44 -10.46 176 3.83 -3.21
2 24 176 13.56 -11.57 176 14.44 -10.46
3 16 176 3.83 -3.21 176 14.44 -10.46 176 14.94 -9.66
2 24 176 14.44 -10.46 176 14.94 -9.66
4 16 176 3.83 -3.21 176 14.94 -9.66 176 15.35 -8.8 176 4.33 -2.5
2 24 176 14.94 -9.66 176 15.35 -8.8
3 16 176 4.33 -2.5 176 15.35 -8.8 176 15.64 -7.9
2 24 176 15.35 -8.8 176 15.64 -7.9

3 16 157.35 -3.29 -15.43 157.35 -1.72 -15.69 157.35 -6.02 -15.87
3 16 157.35 -6.02 -15.87 157.35 -1.72 -15.69 157.35 1.72 -15.69
3 16 157.35 -6.02 -15.87 157.35 1.72 -15.69 157.35 6.02 -15.87
2 24 157.35 6.02 -15.87 157.35 -6.02 -15.87
3 16 157.35 15.57 -2.56 157.35 15.75 -1 157.35 15.87 -6.02
3 16 157.35 3.28 15.43 157.35 1.72 15.69 157.35 6.02 15.87
3 16 157.35 6.02 15.87 157.35 1.72 15.69 157.35 -1.72 15.69
3 16 157.35 6.02 15.87 157.35 -1.72 15.69 157.35 -6.02 15.87
2 24 157.35 -6.02 15.87 157.35 6.02 15.87
3 16 157.35 -6.97 -15.81 157.35 -7.9 -15.64 157.35 -6.31 -14.46
2 24 157.35 -6.97 -15.81 157.35 -7.9 -15.64
4 16 157.35 -6.31 -14.46 157.35 -7.9 -15.64 157.35 -8.8 -15.35 157.35 -7.73 -13.76
2 24 157.35 -7.9 -15.64 157.35 -8.8 -15.35
4 16 157.35 -15.81 6.97 157.35 -15.64 7.9 157.35 -14.17 6.94 157.35 -14.8 5.48
2 24 157.35 -15.81 6.97 157.35 -15.64 7.9
4 16 157.35 -15.27 3.97 157.35 -15.87 3.97 157.35 -15.87 6.02 157.35 -14.8 5.48
3 16 157.35 -14.8 5.48 157.35 -15.87 6.02 157.35 -15.81 6.97
2 24 157.35 -15.87 6.02 157.35 -15.81 6.97
4 16 157.35 -6.97 -15.81 157.35 -6.31 -14.46 157.35 -4.82 -15.02 157.35 -6.02 -15.87
2 24 157.35 -6.02 -15.87 157.35 -6.97 -15.81
3 16 157.35 -6.02 -15.87 157.35 -4.82 -15.02 157.35 -3.29 -15.43
3 16 157.35 15.87 -6.02 157.35 15.75 -1 157.35 15.87 6.02
2 24 157.35 15.87 6.02 157.35 15.87 -6.02
3 16 157.35 15.87 6.02 157.35 15.75 -1 157.35 15.75 1
3 16 157.35 15.87 6.02 157.35 15.75 1 157.35 15.57 2.56
3 16 157.35 -1.72 15.69 157.35 -3.29 15.43 157.35 -6.02 15.87
4 16 157.35 -6.02 15.87 157.35 -3.29 15.43 157.35 -4.82 15.02 157.35 -6.97 15.81
2 24 157.35 -6.97 15.81 157.35 -6.02 15.87
4 16 157.35 -6.97 15.81 157.35 -4.82 15.02 157.35 -6.31 14.46 157.35 -7.9 15.64
2 24 157.35 -7.9 15.64 157.35 -6.97 15.81
4 16 157.35 -7.9 15.64 157.35 -6.31 14.46 157.35 -7.73 13.76 157.35 -8.8 15.35
2 24 157.35 -8.8 15.35 157.35 -7.9 15.64
4 16 157.35 -9.07 12.91 157.35 -10.46 14.44 157.35 -9.66 14.94 157.35 -7.73 13.76
2 24 157.35 -10.46 14.44 157.35 -9.66 14.94
3 16 157.35 -7.73 13.76 157.35 -9.66 14.94 157.35 -8.8 15.35
2 24 157.35 -9.66 14.94 157.35 -8.8 15.35
3 16 157.35 -14.17 6.94 157.35 -15.64 7.9 157.35 -15.35 8.8
2 24 157.35 -15.64 7.9 157.35 -15.35 8.8
4 16 157.35 -14.17 6.94 157.35 -15.35 8.8 157.35 -14.94 9.66 157.35 -13.4 8.33
2 24 157.35 -15.35 8.8 157.35 -14.94 9.66
4 16 157.35 -13.4 8.33 157.35 -14.94 9.66 157.35 -14.44 10.46 157.35 -12.5 9.63
2 24 157.35 -14.94 9.66 157.35 -14.44 10.46
3 16 157.35 -15.87 -3.97 157.35 -15.27 -3.97 157.35 -15.87 -6.02
4 16 157.35 -15.87 -6.02 157.35 -15.27 -3.97 157.35 -14.8 -5.48 157.35 -15.81 -6.97
2 24 157.35 -15.81 -6.97 157.35 -15.87 -6.02
4 16 157.35 -15.81 -6.97 157.35 -14.8 -5.48 157.35 -14.17 -6.94 157.35 -15.64 -7.9
2 24 157.35 -15.64 -7.9 157.35 -15.81 -6.97
4 16 157.35 -11.47 -10.84 157.35 -12.61 -12.61 157.35 -13.56 -11.57 157.35 -12.5 -9.63
2 24 157.35 -12.61 -12.61 157.35 -13.56 -11.57
3 16 157.35 -12.5 -9.63 157.35 -13.56 -11.57 157.35 -14.44 -10.46
2 24 157.35 -13.56 -11.57 157.35 -14.44 -10.46
4 16 157.35 -12.5 -9.63 157.35 -14.44 -10.46 157.35 -14.94 -9.66 157.35 -13.4 -8.33
2 24 157.35 -14.44 -10.46 157.35 -14.94 -9.66
3 16 157.35 -12.5 9.63 157.35 -14.44 10.46 157.35 -13.56 11.57
2 24 157.35 -14.44 10.46 157.35 -13.56 11.57
4 16 157.35 -12.5 9.63 157.35 -13.56 11.57 157.35 -12.61 12.61 157.35 -11.47 10.84
2 24 157.35 -13.56 11.57 157.35 -12.61 12.61
4 16 157.35 -11.47 10.84 157.35 -12.61 12.61 157.35 -11.57 13.56 157.35 -10.32 11.94
2 24 157.35 -12.61 12.61 157.35 -11.57 13.56
4 16 157.35 -10.32 11.94 157.35 -11.57 13.56 157.35 -10.46 14.44 157.35 -9.07 12.91
2 24 157.35 -11.57 13.56 157.35 -10.46 14.44
3 16 157.35 -13.4 -8.33 157.35 -14.94 -9.66 157.35 -15.35 -8.8
2 24 157.35 -14.94 -9.66 157.35 -15.35 -8.8
4 16 157.35 -13.4 -8.33 157.35 -15.35 -8.8 157.35 -15.64 -7.9 157.35 -14.17 -6.94
2 24 157.35 -15.35 -8.8 157.35 -15.64 -7.9
3 16 157.35 -7.73 -13.76 157.35 -8.8 -15.35 157.35 -9.66 -14.94
2 24 157.35 -8.8 -15.35 157.35 -9.66 -14.94
4 16 157.35 -7.73 -13.76 157.35 -9.66 -14.94 157.35 -10.46 -14.44 157.35 -9.07 -12.91
2 24 157.35 -9.66 -14.94 157.35 -10.46 -14.44
4 16 157.35 -9.07 -12.91 157.35 -10.46 -14.44 157.35 -11.57 -13.56 157.35 -10.32 -11.94
2 24 157.35 -10.46 -14.44 157.35 -11.57 -13.56
4 16 157.35 -10.32 -11.94 157.35 -11.57 -13.56 157.35 -12.61 -12.61 157.35 -11.47 -10.84
2 24 157.35 -11.57 -13.56 157.35 -12.61 -12.61
3 16 157.35 9.02 -12.94 157.35 10.46 -14.44 157.35 9.66 -14.94
2 24 157.35 10.46 -14.44 157.35 9.66 -14.94
4 16 157.35 9.02 -12.94 157.35 9.66 -14.94 157.35 8.8 -15.35 157.35 7.69 -13.78
2 24 157.35 9.66 -14.94 157.35 8.8 -15.35
4 16 157.35 13.35 8.42 157.35 12.44 9.7 157.35 14.44 10.46 157.35 14.94 9.66
2 24 157.35 14.44 10.46 157.35 14.94 9.66
3 16 157.35 1.72 -15.69 157.35 3.28 -15.43 157.35 6.02 -15.87
4 16 157.35 6.02 -15.87 157.35 3.28 -15.43 157.35 4.8 -15.03 157.35 6.97 -15.81
2 24 157.35 6.97 -15.81 157.35 6.02 -15.87
4 16 157.35 6.97 -15.81 157.35 4.8 -15.03 157.35 6.28 -14.48 157.35 7.9 -15.64
2 24 157.35 7.9 -15.64 157.35 6.97 -15.81
4 16 157.35 7.9 -15.64 157.35 6.28 -14.48 157.35 7.69 -13.78 157.35 8.8 -15.35
2 24 157.35 8.8 -15.35 157.35 7.9 -15.64
3 16 157.35 10.46 -14.44 157.35 9.02 -12.94 157.35 11.57 -13.56
2 24 157.35 11.57 -13.56 157.35 10.46 -14.44
4 16 157.35 11.57 -13.56 157.35 9.02 -12.94 157.35 10.27 -11.98 157.35 12.61 -12.61
2 24 157.35 12.61 -12.61 157.35 11.57 -13.56
4 16 157.35 12.61 -12.61 157.35 10.27 -11.98 157.35 11.41 -10.9 157.35 13.56 -11.57
2 24 157.35 13.56 -11.57 157.35 12.61 -12.61
4 16 157.35 13.56 -11.57 157.35 11.41 -10.9 157.35 12.44 -9.7 157.35 14.44 -10.46
2 24 157.35 14.44 -10.46 157.35 13.56 -11.57
3 16 157.35 15.57 2.56 157.35 15.24 4.1 157.35 15.87 6.02
4 16 157.35 15.87 6.02 157.35 15.24 4.1 157.35 14.75 5.6 157.35 15.81 6.97
2 24 157.35 15.81 6.97 157.35 15.87 6.02
4 16 157.35 15.81 6.97 157.35 14.75 5.6 157.35 14.12 7.04 157.35 15.64 7.9
2 24 157.35 15.64 7.9 157.35 15.81 6.97
3 16 157.35 14.44 10.46 157.35 12.44 9.7 157.35 13.56 11.57
2 24 157.35 13.56 11.57 157.35 14.44 10.46
4 16 157.35 13.56 11.57 157.35 12.44 9.7 157.35 11.41 10.9 157.35 12.61 12.61
2 24 157.35 12.61 12.61 157.35 13.56 11.57
3 16 157.35 12.61 12.61 157.35 11.41 10.9 157.35 11.57 13.56
2 24 157.35 11.57 13.56 157.35 12.61 12.61
4 16 157.35 11.57 13.56 157.35 11.41 10.9 157.35 10.27 11.98 157.35 10.46 14.44
2 24 157.35 10.46 14.44 157.35 11.57 13.56
4 16 157.35 10.46 14.44 157.35 10.27 11.98 157.35 9.02 12.94 157.35 9.66 14.94
2 24 157.35 9.66 14.94 157.35 10.46 14.44
4 16 157.35 9.66 14.94 157.35 9.02 12.94 157.35 7.69 13.78 157.35 8.8 15.35
2 24 157.35 8.8 15.35 157.35 9.66 14.94
3 16 157.35 8.8 15.35 157.35 7.69 13.78 157.35 7.9 15.64
2 24 157.35 7.9 15.64 157.35 8.8 15.35
4 16 157.35 7.9 15.64 157.35 7.69 13.78 157.35 6.28 14.48 157.35 6.97 15.81
2 24 157.35 6.97 15.81 157.35 7.9 15.64
3 16 157.35 13.35 8.42 157.35 14.94 9.66 157.35 15.35 8.8
2 24 157.35 14.94 9.66 157.35 15.35 8.8
4 16 157.35 13.35 8.42 157.35 15.35 8.8 157.35 15.64 7.9 157.35 14.12 7.04
2 24 157.35 15.35 8.8 157.35 15.64 7.9
4 16 157.35 6.97 15.81 157.35 6.28 14.48 157.35 4.8 15.03 157.35 6.02 15.87
2 24 157.35 6.02 15.87 157.35 6.97 15.81
3 16 157.35 6.02 15.87 157.35 4.8 15.03 157.35 3.28 15.43
3 16 157.35 14.44 -10.46 157.35 12.44 -9.7 157.35 14.94 -9.66
2 24 157.35 14.94 -9.66 157.35 14.44 -10.46
4 16 157.35 14.94 -9.66 157.35 12.44 -9.7 157.35 13.35 -8.42 157.35 15.35 -8.8
2 24 157.35 15.35 -8.8 157.35 14.94 -9.66
4 16 157.35 15.35 -8.8 157.35 13.35 -8.42 157.35 14.12 -7.04 157.35 15.64 -7.9
2 24 157.35 15.64 -7.9 157.35 15.35 -8.8
4 16 157.35 15.64 -7.9 157.35 14.12 -7.04 157.35 14.75 -5.6 157.35 15.81 -6.97
2 24 157.35 15.81 -6.97 157.35 15.64 -7.9
4 16 157.35 15.81 -6.97 157.35 14.75 -5.6 157.35 15.24 -4.1 157.35 15.87 -6.02
2 24 157.35 15.87 -6.02 157.35 15.81 -6.97
3 16 157.35 15.87 -6.02 157.35 15.24 -4.1 157.35 15.57 -2.56

4 16 176 6.02 -15.87 157.35 6.02 -15.87 157.35 6.97 -15.81 176 6.97 -15.81
4 16 176 6.97 -15.81 157.35 6.97 -15.81 157.35 7.9 -15.64 176 7.9 -15.64
4 16 176 7.9 -15.64 157.35 7.9 -15.64 157.35 8.8 -15.35 176 8.8 -15.35
4 16 176 8.8 -15.35 157.35 8.8 -15.35 157.35 9.66 -14.94 176 9.66 -14.94
4 16 176 9.66 -14.94 157.35 9.66 -14.94 157.35 10.46 -14.44 176 10.46 -14.44
4 16 176 10.46 -14.44 157.35 10.46 -14.44 157.35 11.57 -13.56 176 11.57 -13.56
4 16 176 11.57 -13.56 157.35 11.57 -13.56 157.35 12.61 -12.61 176 12.61 -12.61
4 16 176 12.61 -12.61 157.35 12.61 -12.61 157.35 13.56 -11.57 176 13.56 -11.57
4 16 176 13.56 -11.57 157.35 13.56 -11.57 157.35 14.44 -10.46 176 14.44 -10.46
4 16 176 14.44 -10.46 157.35 14.44 -10.46 157.35 14.94 -9.66 176 14.94 -9.66
4 16 176 14.94 -9.66 157.35 14.94 -9.66 157.35 15.35 -8.8 176 15.35 -8.8
4 16 176 15.35 -8.8 157.35 15.35 -8.8 157.35 15.64 -7.9 176 15.64 -7.9
4 16 176 15.64 -7.9 157.35 15.64 -7.9 157.35 15.81 -6.97 176 15.81 -6.97
4 16 176 15.81 -6.97 157.35 15.81 -6.97 157.35 15.87 -6.02 176 15.87 -6.02
4 16 157.35 15.87 6.02 176 15.87 6.02 176 15.87 -6.02 157.35 15.87 -6.02
4 16 176 15.87 6.02 157.35 15.87 6.02 157.35 15.81 6.97 176 15.81 6.97
4 16 176 15.81 6.97 157.35 15.81 6.97 157.35 15.64 7.9 176 15.64 7.9
4 16 176 15.64 7.9 157.35 15.64 7.9 157.35 15.35 8.8 176 15.35 8.8
4 16 176 15.35 8.8 157.35 15.35 8.8 157.35 14.94 9.66 176 14.94 9.66
4 16 176 14.94 9.66 157.35 14.94 9.66 157.35 14.44 10.46 176 14.44 10.46
4 16 176 14.44 10.46 157.35 14.44 10.46 157.35 13.56 11.57 176 13.56 11.57
4 16 176 13.56 11.57 157.35 13.56 11.57 157.35 12.61 12.61 176 12.61 12.61
4 16 176 12.61 12.61 157.35 12.61 12.61 157.35 11.57 13.56 176 11.57 13.56
4 16 176 11.57 13.56 157.35 11.57 13.56 157.35 10.46 14.44 176 10.46 14.44
4 16 176 10.46 14.44 157.35 10.46 14.44 157.35 9.66 14.94 176 9.66 14.94
4 16 176 9.66 14.94 157.35 9.66 14.94 157.35 8.8 15.35 176 8.8 15.35
4 16 176 8.8 15.35 157.35 8.8 15.35 157.35 7.9 15.64 176 7.9 15.64
4 16 176 7.9 15.64 157.35 7.9 15.64 157.35 6.97 15.81 176 6.97 15.81
4 16 176 6.97 15.81 157.35 6.97 15.81 157.35 6.02 15.87 176 6.02 15.87
4 16 157.35 -6.02 15.87 176 -6.02 15.87 176 6.02 15.87 157.35 6.02 15.87
4 16 176 -6.02 15.87 157.35 -6.02 15.87 157.35 -6.97 15.81 176 -6.97 15.81
4 16 176 -6.97 15.81 157.35 -6.97 15.81 157.35 -7.9 15.64 176 -7.9 15.64
4 16 176 -7.9 15.64 157.35 -7.9 15.64 157.35 -8.8 15.35 176 -8.8 15.35
4 16 176 -8.8 15.35 157.35 -8.8 15.35 157.35 -9.66 14.94 176 -9.66 14.94
4 16 176 -9.66 14.94 157.35 -9.66 14.94 157.35 -10.46 14.44 176 -10.46 14.44
4 16 176 -10.46 14.44 157.35 -10.46 14.44 157.35 -11.57 13.56 176 -11.57 13.56
4 16 176 -11.57 13.56 157.35 -11.57 13.56 157.35 -12.61 12.61 176 -12.61 12.61
4 16 176 -12.61 12.61 157.35 -12.61 12.61 157.35 -13.56 11.57 176 -13.56 11.57
4 16 176 -13.56 11.57 157.35 -13.56 11.57 157.35 -14.44 10.46 176 -14.44 10.46
4 16 176 -14.44 10.46 157.35 -14.44 10.46 157.35 -14.94 9.66 176 -14.94 9.66
4 16 176 -14.94 9.66 157.35 -14.94 9.66 157.35 -15.35 8.8 176 -15.35 8.8
4 16 176 -15.35 8.8 157.35 -15.35 8.8 157.35 -15.64 7.9 176 -15.64 7.9
4 16 176 -15.64 7.9 157.35 -15.64 7.9 157.35 -15.81 6.97 176 -15.81 6.97
4 16 176 -15.81 6.97 157.35 -15.81 6.97 157.35 -15.87 6.02 176 -15.87 6.02
4 16 176 -15.87 -6.02 157.35 -15.87 -6.02 157.35 -15.81 -6.97 176 -15.81 -6.97
4 16 176 -15.81 -6.97 157.35 -15.81 -6.97 157.35 -15.64 -7.9 176 -15.64 -7.9
4 16 176 -15.64 -7.9 157.35 -15.64 -7.9 157.35 -15.35 -8.8 176 -15.35 -8.8
4 16 176 -15.35 -8.8 157.35 -15.35 -8.8 157.35 -14.94 -9.66 176 -14.94 -9.66
4 16 176 -14.94 -9.66 157.35 -14.94 -9.66 157.35 -14.44 -10.46 176 -14.44 -10.46
4 16 176 -14.44 -10.46 157.35 -14.44 -10.46 157.35 -13.56 -11.57 176 -13.56 -11.57
4 16 176 -13.56 -11.57 157.35 -13.56 -11.57 157.35 -12.61 -12.61 176 -12.61 -12.61
4 16 176 -12.61 -12.61 157.35 -12.61 -12.61 157.35 -11.57 -13.56 176 -11.57 -13.56
4 16 176 -11.57 -13.56 157.35 -11.57 -13.56 157.35 -10.46 -14.44 176 -10.46 -14.44
4 16 176 -10.46 -14.44 157.35 -10.46 -14.44 157.35 -9.66 -14.94 176 -9.66 -14.94
4 16 176 -9.66 -14.94 157.35 -9.66 -14.94 157.35 -8.8 -15.35 176 -8.8 -15.35
4 16 176 -8.8 -15.35 157.35 -8.8 -15.35 157.35 -7.9 -15.64 176 -7.9 -15.64
4 16 176 -7.9 -15.64 157.35 -7.9 -15.64 157.35 -6.97 -15.81 176 -6.97 -15.81
4 16 176 -6.97 -15.81 157.35 -6.97 -15.81 157.35 -6.02 -15.87 176 -6.02 -15.87
4 16 157.35 -6.02 -15.87 157.35 6.02 -15.87 176 6.02 -15.87 176 -6.02 -15.87
