0 228-7722-000 Pneumatic Control Unit sub 5
0 Name: s/228-7722-000s5.dat
0 Author: 
0 !LDRAW_ORG Subpart
0 !LICENSE Redistributable under CCAL version 2.0 : see CAreadme.txt

0 BFC CERTIFY CCW

0 // Created with stl2dat conversion tool

3 16 28.67 -24.19 -41.86 37.52 -24.19 -41.86 26.62 -24.19 -40.79
3 16 26.78 -24.19 -40.46 37.52 -24.19 -39.06 28.67 -24.19 -39.06
4 16 28.67 -24.19 -36.24 28.67 -24.19 -33.39 28.47 -24.19 -33.4 28.07 -24.19 -33.51
3 16 37.92 -24.19 -33.55 37.71 -24.19 -33.43 37.52 -24.19 -33.39
4 16 26.62 -24.19 -40.79 37.52 -24.19 -41.86 38.38 -24.19 -40.46 38.38 -24.19 -40.35
4 16 38.38 -24.19 -40.46 37.52 -24.19 -41.86 37.57 -24.19 -41.86 38.32 -24.19 -40.96
4 16 26.62 -24.19 -40.79 38.38 -24.19 -40.35 38.3 -24.19 -39.88 38.14 -24.19 -39.5
3 16 37.92 -24.19 -44.84 37.71 -24.19 -44.72 37.52 -24.19 -44.68
4 16 27.06 -24.19 -46.56 27.43 -24.19 -46.98 28.34 -24.19 -44.57 26.7 -24.19 -45.97
3 16 28.34 -24.19 -44.57 27.43 -24.19 -46.98 28.53 -24.19 -44.66
4 16 28.67 -24.19 -36.24 28.07 -24.19 -33.51 27.68 -24.19 -33.73 28.48 -24.19 -36.27
4 16 28.48 -24.19 -36.27 27.68 -24.19 -33.73 27.33 -24.19 -34.03 28.28 -24.19 -36.39
4 16 26.78 -24.19 -40.46 26.62 -24.19 -40.79 38.14 -24.19 -39.5 37.52 -24.19 -39.06
4 16 37.52 -24.19 -39.06 38.14 -24.19 -39.5 37.92 -24.19 -39.22 37.71 -24.19 -39.09
4 16 26.7 -24.19 -45.97 28.34 -24.19 -44.57 28.14 -24.19 -44.37 26.42 -24.19 -45.27
4 16 26.42 -24.19 -45.27 28.14 -24.19 -44.37 28.05 -24.19 -44.23 26.22 -24.19 -44.45
4 16 26.22 -24.19 -44.45 28.05 -24.19 -44.23 27.89 -24.19 -43.8 26.12 -24.19 -43.56
4 16 26.12 -24.19 -43.56 27.89 -24.19 -43.8 27.84 -24.19 -43.3 26.12 -24.19 -43.3
3 16 28.67 -24.19 -39.06 28.49 -24.19 -39.03 26.78 -24.19 -40.46
3 16 26.78 -24.19 -40.46 28.49 -24.19 -39.03 28.28 -24.19 -38.89
3 16 37.76 -24.19 -41.8 38 -24.19 -41.62 37.57 -24.19 -41.86
4 16 37.57 -24.19 -41.86 38 -24.19 -41.62 38.16 -24.19 -41.38 38.32 -24.19 -40.96
4 16 26.12 -24.19 -43.3 27.84 -24.19 -43.3 27.89 -24.19 -42.81 26.18 -24.19 -42.4
4 16 26.18 -24.19 -42.4 27.89 -24.19 -42.81 28.03 -24.19 -42.37 26.35 -24.19 -41.56
3 16 38.38 -24.19 -34.81 38.38 -24.19 -34.69 37.52 -24.19 -36.24
4 16 37.52 -24.19 -36.24 38.38 -24.19 -34.69 38.3 -24.19 -34.22 38.14 -24.19 -33.83
3 16 38.38 -24.19 -46.1 38.38 -24.19 -45.98 37.52 -24.19 -47.52
4 16 37.52 -24.19 -47.52 38.38 -24.19 -45.98 38.3 -24.19 -45.51 38.14 -24.19 -45.12
3 16 26.35 -24.19 -41.56 28.03 -24.19 -42.37 28.08 -24.19 -42.28
4 16 26.35 -24.19 -41.56 28.08 -24.19 -42.28 28.29 -24.19 -42.01 26.62 -24.19 -40.79
3 16 26.62 -24.19 -40.79 28.29 -24.19 -42.01 28.48 -24.19 -41.89
3 16 26.62 -24.19 -40.79 28.48 -24.19 -41.89 28.67 -24.19 -41.86
4 16 27.33 -24.19 -34.03 26.96 -24.19 -34.49 26.62 -24.19 -35.13 28.28 -24.19 -36.39
4 16 28.28 -24.19 -36.39 26.62 -24.19 -35.13 26.35 -24.19 -35.89 28.06 -24.19 -36.67
4 16 28.06 -24.19 -36.67 26.35 -24.19 -35.89 26.18 -24.19 -36.72 27.91 -24.19 -37.04
4 16 27.91 -24.19 -37.04 26.18 -24.19 -36.72 26.12 -24.19 -37.61 27.84 -24.19 -37.51
4 16 27.84 -24.19 -37.51 26.12 -24.19 -37.61 26.13 -24.19 -38.08 27.84 -24.19 -37.61
4 16 27.84 -24.19 -37.61 26.13 -24.19 -38.08 26.25 -24.19 -38.97 27.89 -24.19 -38.14
4 16 27.89 -24.19 -38.14 26.25 -24.19 -38.97 26.47 -24.19 -39.76 28.06 -24.19 -38.6
4 16 28.06 -24.19 -38.6 26.47 -24.19 -39.76 26.78 -24.19 -40.46 28.28 -24.19 -38.89
4 16 38.14 -24.19 -33.83 37.92 -24.19 -33.55 37.52 -24.19 -33.39 37.52 -24.19 -36.24
4 16 37.52 -24.19 -36.24 37.52 -24.19 -33.39 28.67 -24.19 -33.39 28.67 -24.19 -36.24
4 16 38.14 -24.19 -45.12 37.92 -24.19 -44.84 37.52 -24.19 -44.68 37.52 -24.19 -47.52
4 16 37.52 -24.19 -47.52 37.52 -24.19 -44.68 28.67 -24.19 -44.68 28.67 -24.19 -47.52
4 16 28.67 -24.19 -47.52 28.67 -24.19 -44.68 28.53 -24.19 -44.66 28.25 -24.19 -47.47
4 16 28.25 -24.19 -47.47 28.53 -24.19 -44.66 27.43 -24.19 -46.98 27.84 -24.19 -47.29
3 16 37.78 -24.19 -36.17 38 -24.19 -35.99 37.6 -24.19 -36.23
4 16 37.6 -24.19 -36.23 38 -24.19 -35.99 38.16 -24.19 -35.75 37.52 -24.19 -36.24
4 16 37.52 -24.19 -36.24 38.16 -24.19 -35.75 38.32 -24.19 -35.32 38.38 -24.19 -34.81
3 16 37.78 -24.19 -47.45 38 -24.19 -47.28 37.6 -24.19 -47.52
4 16 37.6 -24.19 -47.52 38 -24.19 -47.28 38.16 -24.19 -47.04 37.52 -24.19 -47.52
4 16 37.52 -24.19 -47.52 38.16 -24.19 -47.04 38.32 -24.19 -46.61 38.38 -24.19 -46.1

4 16 49.77 -24.19 -43.86 52.15 -24.19 -45.53 54.12 -24.19 -44.19 54.62 -24.19 -40.49
3 16 59.2 -24.19 -40.66 59.19 -24.19 -40.63 58.99 -24.19 -40.46
3 16 49.77 -24.19 -47.19 47.33 -24.19 -45.53 48.32 -24.19 -48.19
4 16 48.32 -24.19 -48.19 47.33 -24.19 -45.53 39.81 -24.19 -50.56 44.41 -24.19 -50.9
3 16 44.41 -24.19 -50.9 39.81 -24.19 -50.56 44.35 -24.19 -50.93
3 16 49.77 -24.19 -43.86 45.36 -24.19 -44.19 47.33 -24.19 -45.53
4 16 49.77 -24.19 -43.86 47.33 -24.19 -45.53 49.77 -24.19 -47.19 52.15 -24.19 -45.53
3 16 52.15 -24.19 -45.53 49.77 -24.19 -47.19 51.22 -24.19 -48.2
4 16 58.99 -24.19 -40.46 54.74 -24.19 -40.46 54.62 -24.19 -40.49 54.12 -24.19 -44.19
3 16 40.4 -24.19 -40.49 40.35 -24.19 -40.54 40.48 -24.19 -40.46
3 16 40.48 -24.19 -40.46 40.35 -24.19 -40.54 40.31 -24.19 -40.63
3 16 40.48 -24.19 -40.46 40.31 -24.19 -40.63 40.31 -24.19 -40.71
3 16 40.48 -24.19 -40.46 40.31 -24.19 -40.71 40.4 -24.19 -40.83
4 16 40.48 -24.19 -40.46 40.4 -24.19 -40.83 45.36 -24.19 -44.19 44.79 -24.19 -40.46
4 16 44.79 -24.19 -40.46 45.36 -24.19 -44.19 49.77 -24.19 -43.86 44.91 -24.19 -40.49
3 16 39.72 -24.19 -50.76 39.72 -24.19 -50.79 39.81 -24.19 -50.56
3 16 39.81 -24.19 -50.56 39.72 -24.19 -50.79 39.78 -24.19 -50.89
3 16 59.62 -24.19 -50.91 59.71 -24.19 -50.76 59.51 -24.19 -50.94
3 16 59.51 -24.19 -50.94 59.71 -24.19 -50.76 59.71 -24.19 -50.68
3 16 59.51 -24.19 -50.94 59.71 -24.19 -50.68 59.63 -24.19 -50.57
4 16 59.51 -24.19 -50.94 59.63 -24.19 -50.57 52.15 -24.19 -45.53 55.21 -24.19 -50.94
4 16 55.21 -24.19 -50.94 52.15 -24.19 -45.53 51.22 -24.19 -48.2 55.09 -24.19 -50.9
3 16 59.18 -24.19 -40.74 59.2 -24.19 -40.66 59.11 -24.19 -40.83
4 16 59.11 -24.19 -40.83 59.2 -24.19 -40.66 58.99 -24.19 -40.46 54.12 -24.19 -44.19
3 16 59.13 -24.19 -40.51 58.99 -24.19 -40.46 59.17 -24.19 -40.57
3 16 59.17 -24.19 -40.57 58.99 -24.19 -40.46 59.19 -24.19 -40.63
3 16 39.72 -24.19 -50.76 39.81 -24.19 -50.56 39.73 -24.19 -50.66
3 16 39.78 -24.19 -50.89 39.85 -24.19 -50.93 39.81 -24.19 -50.56
4 16 39.81 -24.19 -50.56 39.85 -24.19 -50.93 39.92 -24.19 -50.94 44.29 -24.19 -50.94
3 16 39.81 -24.19 -50.56 44.29 -24.19 -50.94 44.35 -24.19 -50.93

4 16 8.08 -24.19 -40.46 4.49 -24.19 -40.46 4.28 -24.19 -40.65 4.33 -24.19 -40.79
3 16 12.78 -24.19 -50.94 16.28 -24.19 -50.94 14.53 -24.19 -48.37
4 16 14.53 -24.19 -48.37 16.28 -24.19 -50.94 16.31 -24.19 -50.94 20.94 -24.19 -40.53
4 16 24.85 -24.19 -40.79 24.83 -24.19 -40.51 24.69 -24.19 -40.46 16.44 -24.19 -50.87
4 16 16.44 -24.19 -50.87 24.69 -24.19 -40.46 21.1 -24.19 -40.46 21 -24.19 -40.48
3 16 12.71 -24.19 -50.93 12.78 -24.19 -50.94 12.63 -24.19 -50.87
4 16 12.63 -24.19 -50.87 12.78 -24.19 -50.94 14.53 -24.19 -48.37 8.24 -24.19 -40.53
4 16 12.63 -24.19 -50.87 8.24 -24.19 -40.53 8.08 -24.19 -40.46 4.33 -24.19 -40.79
3 16 8.08 -24.19 -40.46 8.24 -24.19 -40.53 8.15 -24.19 -40.47
4 16 20.94 -24.19 -40.53 16.31 -24.19 -50.94 16.44 -24.19 -50.87 21 -24.19 -40.48
3 16 24.83 -24.19 -40.51 24.85 -24.19 -40.79 24.88 -24.19 -40.57
3 16 24.88 -24.19 -40.57 24.85 -24.19 -40.79 24.9 -24.19 -40.65
3 16 4.28 -24.19 -40.65 4.49 -24.19 -40.46 4.3 -24.19 -40.58
3 16 4.3 -24.19 -40.58 4.49 -24.19 -40.46 4.35 -24.19 -40.51

