0 VEX-IQ-气动-组装-4x冲程气缸-2
0 Name: s/228-7724-000s4.dat
0 Author: 
0 !LDRAW_ORG Subpart
0 !LICENSE Redistributable under CCAL version 2.0 : see CAreadme.txt

0 BFC CERTIFY CCW

0 // Created with stl2dat conversion tool

3 16 154.39 -15.75 1 85.48 -15.75 1 154.33 -15.75 0.71
2 24 154.39 -15.75 1 154.33 -15.75 0.71
3 16 154.33 -15.75 0.71 85.48 -15.75 1 154.27 -15.75 0
2 24 154.33 -15.75 0.71 154.27 -15.75 0
4 16 85.48 -15.75 -1 154.39 -15.75 -1 154.33 -15.75 -0.71 85.48 -15.75 1
2 24 154.33 -15.75 -0.71 154.39 -15.75 -1
3 16 85.48 -15.75 1 154.33 -15.75 -0.71 154.27 -15.75 0
2 24 154.27 -15.75 0 154.33 -15.75 -0.71

4 16 158.58 -32.38 1.24 158.9 -32.38 3.06 158.36 -32.38 3.11 158.36 -32.38 1.26
2 24 158.36 -32.38 3.11 158.9 -32.38 3.06
2 24 158.58 -32.38 1.24 158.36 -32.38 1.26
4 16 158.36 -32.38 1.26 158.36 -32.38 3.11 157.82 -32.38 3.06 158.14 -32.38 1.24
2 24 157.82 -32.38 3.06 158.36 -32.38 3.11
2 24 158.36 -32.38 1.26 158.14 -32.38 1.24
4 16 158.14 -32.38 1.24 157.82 -32.38 3.06 157.3 -32.38 2.92 157.93 -32.38 1.18
2 24 157.3 -32.38 2.92 157.82 -32.38 3.06
2 24 158.14 -32.38 1.24 157.93 -32.38 1.18
4 16 157.93 -32.38 1.18 157.3 -32.38 2.92 156.81 -32.38 2.69 157.73 -32.38 1.09
2 24 156.81 -32.38 2.69 157.3 -32.38 2.92
2 24 157.93 -32.38 1.18 157.73 -32.38 1.09
4 16 157.73 -32.38 1.09 156.81 -32.38 2.69 156.37 -32.38 2.38 157.55 -32.38 0.97
2 24 156.37 -32.38 2.38 156.81 -32.38 2.69
2 24 157.73 -32.38 1.09 157.55 -32.38 0.97
4 16 157.55 -32.38 0.97 156.37 -32.38 2.38 155.98 -32.38 2 157.4 -32.38 0.81
2 24 155.98 -32.38 2 156.37 -32.38 2.38
2 24 157.55 -32.38 0.97 157.4 -32.38 0.81
4 16 157.4 -32.38 0.81 155.98 -32.38 2 155.67 -32.38 1.55 157.27 -32.38 0.63
2 24 155.67 -32.38 1.55 155.98 -32.38 2
2 24 157.4 -32.38 0.81 157.27 -32.38 0.63
4 16 157.27 -32.38 0.63 155.67 -32.38 1.55 155.44 -32.38 1.06 157.18 -32.38 0.43
2 24 155.44 -32.38 1.06 155.67 -32.38 1.55
2 24 157.27 -32.38 0.63 157.18 -32.38 0.43
4 16 157.18 -32.38 0.43 155.44 -32.38 1.06 155.3 -32.38 0.54 157.12 -32.38 0.22
2 24 155.3 -32.38 0.54 155.44 -32.38 1.06
2 24 157.18 -32.38 0.43 157.12 -32.38 0.22
4 16 157.12 -32.38 0.22 155.3 -32.38 0.54 155.26 -32.38 0 157.1 -32.38 0
2 24 155.26 -32.38 0 155.3 -32.38 0.54
2 24 157.12 -32.38 0.22 157.1 -32.38 0
4 16 157.1 -32.38 0 155.26 -32.38 0 155.3 -32.38 -0.54 157.12 -32.38 -0.22
2 24 155.26 -32.38 0 155.3 -32.38 -0.54
2 24 157.1 -32.38 0 157.12 -32.38 -0.22
4 16 157.12 -32.38 -0.22 155.3 -32.38 -0.54 155.44 -32.38 -1.06 157.18 -32.38 -0.43
2 24 155.3 -32.38 -0.54 155.44 -32.38 -1.06
2 24 157.12 -32.38 -0.22 157.18 -32.38 -0.43
4 16 157.18 -32.38 -0.43 155.44 -32.38 -1.06 155.67 -32.38 -1.55 157.27 -32.38 -0.63
2 24 155.44 -32.38 -1.06 155.67 -32.38 -1.55
2 24 157.18 -32.38 -0.43 157.27 -32.38 -0.63
4 16 157.27 -32.38 -0.63 155.67 -32.38 -1.55 155.98 -32.38 -2 157.4 -32.38 -0.81
2 24 155.67 -32.38 -1.55 155.98 -32.38 -2
2 24 157.27 -32.38 -0.63 157.4 -32.38 -0.81
4 16 157.4 -32.38 -0.81 155.98 -32.38 -2 156.37 -32.38 -2.38 157.55 -32.38 -0.97
2 24 155.98 -32.38 -2 156.37 -32.38 -2.38
2 24 157.4 -32.38 -0.81 157.55 -32.38 -0.97
4 16 157.55 -32.38 -0.97 156.37 -32.38 -2.38 156.81 -32.38 -2.69 157.73 -32.38 -1.09
2 24 156.37 -32.38 -2.38 156.81 -32.38 -2.69
2 24 157.55 -32.38 -0.97 157.73 -32.38 -1.09
4 16 157.73 -32.38 -1.09 156.81 -32.38 -2.69 157.3 -32.38 -2.92 157.93 -32.38 -1.18
2 24 156.81 -32.38 -2.69 157.3 -32.38 -2.92
2 24 157.73 -32.38 -1.09 157.93 -32.38 -1.18
4 16 157.93 -32.38 -1.18 157.3 -32.38 -2.92 157.82 -32.38 -3.06 158.14 -32.38 -1.24
2 24 157.3 -32.38 -2.92 157.82 -32.38 -3.06
2 24 157.93 -32.38 -1.18 158.14 -32.38 -1.24
4 16 158.14 -32.38 -1.24 157.82 -32.38 -3.06 158.36 -32.38 -3.11 158.36 -32.38 -1.26
2 24 157.82 -32.38 -3.06 158.36 -32.38 -3.11
2 24 158.14 -32.38 -1.24 158.36 -32.38 -1.26
4 16 158.36 -32.38 -1.26 158.36 -32.38 -3.11 158.9 -32.38 -3.06 158.58 -32.38 -1.24
2 24 158.36 -32.38 -3.11 158.9 -32.38 -3.06
2 24 158.36 -32.38 -1.26 158.58 -32.38 -1.24
4 16 158.58 -32.38 -1.24 158.9 -32.38 -3.06 159.42 -32.38 -2.92 158.79 -32.38 -1.18
2 24 158.9 -32.38 -3.06 159.42 -32.38 -2.92
2 24 158.58 -32.38 -1.24 158.79 -32.38 -1.18
4 16 158.79 -32.38 -1.18 159.42 -32.38 -2.92 159.91 -32.38 -2.69 158.99 -32.38 -1.09
2 24 159.42 -32.38 -2.92 159.91 -32.38 -2.69
2 24 158.79 -32.38 -1.18 158.99 -32.38 -1.09
4 16 158.99 -32.38 -1.09 159.91 -32.38 -2.69 160.36 -32.38 -2.38 159.17 -32.38 -0.97
2 24 159.91 -32.38 -2.69 160.36 -32.38 -2.38
2 24 158.99 -32.38 -1.09 159.17 -32.38 -0.97
4 16 159.17 -32.38 -0.97 160.36 -32.38 -2.38 160.74 -32.38 -2 159.33 -32.38 -0.81
2 24 160.36 -32.38 -2.38 160.74 -32.38 -2
2 24 159.17 -32.38 -0.97 159.33 -32.38 -0.81
4 16 159.33 -32.38 -0.81 160.74 -32.38 -2 161.05 -32.38 -1.55 159.45 -32.38 -0.63
2 24 160.74 -32.38 -2 161.05 -32.38 -1.55
2 24 159.33 -32.38 -0.81 159.45 -32.38 -0.63
4 16 159.45 -32.38 -0.63 161.05 -32.38 -1.55 161.28 -32.38 -1.06 159.55 -32.38 -0.43
2 24 161.05 -32.38 -1.55 161.28 -32.38 -1.06
2 24 159.45 -32.38 -0.63 159.55 -32.38 -0.43
4 16 159.55 -32.38 -0.43 161.28 -32.38 -1.06 161.42 -32.38 -0.54 159.6 -32.38 -0.22
2 24 161.28 -32.38 -1.06 161.42 -32.38 -0.54
2 24 159.55 -32.38 -0.43 159.6 -32.38 -0.22
4 16 159.6 -32.38 -0.22 161.42 -32.38 -0.54 161.47 -32.38 0 159.62 -32.38 0
2 24 161.42 -32.38 -0.54 161.47 -32.38 0
2 24 159.6 -32.38 -0.22 159.62 -32.38 0
4 16 159.62 -32.38 0 161.47 -32.38 0 161.42 -32.38 0.54 159.6 -32.38 0.22
2 24 161.42 -32.38 0.54 161.47 -32.38 0
2 24 159.62 -32.38 0 159.6 -32.38 0.22
4 16 159.6 -32.38 0.22 161.42 -32.38 0.54 161.28 -32.38 1.06 159.55 -32.38 0.43
2 24 161.28 -32.38 1.06 161.42 -32.38 0.54
2 24 159.6 -32.38 0.22 159.55 -32.38 0.43
4 16 159.55 -32.38 0.43 161.28 -32.38 1.06 161.05 -32.38 1.55 159.45 -32.38 0.63
2 24 161.05 -32.38 1.55 161.28 -32.38 1.06
2 24 159.55 -32.38 0.43 159.45 -32.38 0.63
4 16 159.45 -32.38 0.63 161.05 -32.38 1.55 160.74 -32.38 2 159.33 -32.38 0.81
2 24 160.74 -32.38 2 161.05 -32.38 1.55
2 24 159.45 -32.38 0.63 159.33 -32.38 0.81
4 16 159.33 -32.38 0.81 160.74 -32.38 2 160.36 -32.38 2.38 159.17 -32.38 0.97
2 24 160.36 -32.38 2.38 160.74 -32.38 2
2 24 159.33 -32.38 0.81 159.17 -32.38 0.97
4 16 159.17 -32.38 0.97 160.36 -32.38 2.38 159.91 -32.38 2.69 158.99 -32.38 1.09
2 24 159.91 -32.38 2.69 160.36 -32.38 2.38
2 24 159.17 -32.38 0.97 158.99 -32.38 1.09
4 16 158.99 -32.38 1.09 159.91 -32.38 2.69 159.42 -32.38 2.92 158.79 -32.38 1.18
2 24 159.42 -32.38 2.92 159.91 -32.38 2.69
2 24 158.99 -32.38 1.09 158.79 -32.38 1.18
4 16 158.79 -32.38 1.18 159.42 -32.38 2.92 158.9 -32.38 3.06 158.58 -32.38 1.24
2 24 158.9 -32.38 3.06 159.42 -32.38 2.92
2 24 158.79 -32.38 1.18 158.58 -32.38 1.24

4 16 159.62 -32.38 0 159.62 -16 0 159.6 -16 -0.22 159.6 -32.38 -0.22
4 16 159.6 -32.38 -0.22 159.6 -16 -0.22 159.55 -16 -0.43 159.55 -32.38 -0.43
4 16 159.55 -32.38 -0.43 159.55 -16 -0.43 159.45 -16 -0.63 159.45 -32.38 -0.63
4 16 159.45 -32.38 -0.63 159.45 -16 -0.63 159.33 -16 -0.81 159.33 -32.38 -0.81
4 16 159.33 -32.38 -0.81 159.33 -16 -0.81 159.17 -16 -0.97 159.17 -32.38 -0.97
4 16 159.17 -32.38 -0.97 159.17 -16 -0.97 158.99 -16 -1.09 158.99 -32.38 -1.09
4 16 158.99 -32.38 -1.09 158.99 -16 -1.09 158.79 -16 -1.18 158.79 -32.38 -1.18
4 16 158.79 -32.38 -1.18 158.79 -16 -1.18 158.58 -16 -1.24 158.58 -32.38 -1.24
4 16 158.58 -32.38 -1.24 158.58 -16 -1.24 158.36 -16 -1.26 158.36 -32.38 -1.26
4 16 158.36 -32.38 -1.26 158.36 -16 -1.26 158.14 -16 -1.24 158.14 -32.38 -1.24
4 16 158.14 -32.38 -1.24 158.14 -16 -1.24 157.93 -16 -1.18 157.93 -32.38 -1.18
4 16 157.93 -32.38 -1.18 157.93 -16 -1.18 157.73 -16 -1.09 157.73 -32.38 -1.09
4 16 157.73 -32.38 -1.09 157.73 -16 -1.09 157.55 -16 -0.97 157.55 -32.38 -0.97
4 16 157.55 -32.38 -0.97 157.55 -16 -0.97 157.4 -16 -0.81 157.4 -32.38 -0.81
4 16 157.4 -32.38 -0.81 157.4 -16 -0.81 157.27 -16 -0.63 157.27 -32.38 -0.63
4 16 157.27 -32.38 -0.63 157.27 -16 -0.63 157.18 -16 -0.43 157.18 -32.38 -0.43
4 16 157.18 -32.38 -0.43 157.18 -16 -0.43 157.12 -16 -0.22 157.12 -32.38 -0.22
4 16 157.12 -32.38 -0.22 157.12 -16 -0.22 157.1 -16 0 157.1 -32.38 0
3 16 157.35 -15.87 3.97 156.96 -16 3.85 157.65 -16 4.03
3 16 157.35 -15.87 3.97 157.65 -16 4.03 157.65 -15.87 4.03
4 16 157.65 -15.87 4.03 157.65 -16 4.03 158.36 -16 4.09 158.36 -15.87 4.09
4 16 158.36 -15.87 4.09 158.36 -16 4.09 159.07 -16 4.03 159.07 -15.87 4.03
4 16 159.07 -15.87 4.03 159.07 -16 4.03 159.76 -16 3.85 159.76 -15.87 3.85
4 16 159.76 -15.87 3.85 159.76 -16 3.85 160.41 -16 3.55 160.41 -15.87 3.55
4 16 160.41 -15.87 3.55 160.41 -16 3.55 160.99 -16 3.14 160.99 -15.87 3.14
4 16 160.99 -15.87 3.14 160.99 -16 3.14 161.5 -16 2.63 161.5 -15.87 2.63
4 16 161.5 -15.87 2.63 161.5 -16 2.63 161.91 -16 2.05 161.91 -15.87 2.05
4 16 161.91 -15.87 2.05 161.91 -16 2.05 162.21 -16 1.4 162.21 -15.87 1.4
4 16 162.21 -15.87 1.4 162.21 -16 1.4 162.39 -16 0.71 162.39 -15.87 0.71
4 16 162.39 -15.87 0.71 162.39 -16 0.71 162.46 -16 0 162.46 -15.87 0
3 16 154.39 -15.75 1 154.33 -15.75 0.71 154.33 -16 0.71
4 16 154.33 -16 0.71 154.33 -15.75 0.71 154.27 -15.75 0 154.27 -16 0
3 16 154.39 -15.75 1 154.33 -16 0.71 154.51 -15.72 1.4
2 24 154.51 -15.72 1.4 154.39 -15.75 1
3 16 154.51 -15.72 1.4 154.33 -16 0.71 154.51 -16 1.4
3 16 154.51 -15.72 1.4 154.51 -16 1.4 154.65 -15.68 1.73
2 24 154.65 -15.68 1.73 154.51 -15.72 1.4
3 16 154.65 -15.68 1.73 154.51 -16 1.4 154.82 -16 2.05
3 16 154.65 -15.68 1.73 154.82 -16 2.05 154.82 -15.65 2.05
2 24 154.82 -15.65 2.05 154.65 -15.68 1.73
4 16 154.82 -15.65 2.05 154.82 -16 2.05 155.23 -16 2.63 155.23 -15.56 2.63
2 24 155.23 -15.56 2.63 154.82 -15.65 2.05
4 16 155.23 -15.56 2.63 155.23 -16 2.63 155.73 -16 3.14 155.73 -15.46 3.14
2 24 155.73 -15.46 3.14 155.23 -15.56 2.63
4 16 155.73 -15.46 3.14 155.73 -16 3.14 156.31 -16 3.55 156.31 -15.38 3.55
2 24 156.31 -15.38 3.55 155.73 -15.46 3.14
3 16 156.31 -15.38 3.55 156.31 -16 3.55 156.63 -15.34 3.71
2 24 156.63 -15.34 3.71 156.31 -15.38 3.55
3 16 156.63 -15.34 3.71 156.31 -16 3.55 156.96 -16 3.85
3 16 156.63 -15.34 3.71 156.96 -16 3.85 156.96 -15.3 3.85
2 24 156.96 -15.3 3.85 156.63 -15.34 3.71
4 16 156.96 -15.3 3.85 156.96 -16 3.85 157.35 -15.87 3.97 157.35 -15.27 3.97
2 24 157.35 -15.27 3.97 156.96 -15.3 3.85
4 16 161.47 -32.38 0 161.51 -29.86 0 161.46 -29.86 0.55 161.42 -32.38 0.54
4 16 161.42 -32.38 0.54 161.46 -29.86 0.55 161.32 -29.86 1.08 161.28 -32.38 1.06
4 16 161.28 -32.38 1.06 161.32 -29.86 1.08 161.09 -29.86 1.57 161.05 -32.38 1.55
4 16 161.05 -32.38 1.55 161.09 -29.86 1.57 160.77 -29.86 2.02 160.74 -32.38 2
4 16 160.74 -32.38 2 160.77 -29.86 2.02 160.39 -29.86 2.41 160.36 -32.38 2.38
4 16 160.36 -32.38 2.38 160.39 -29.86 2.41 159.94 -29.86 2.73 159.91 -32.38 2.69
4 16 159.91 -32.38 2.69 159.94 -29.86 2.73 159.44 -29.86 2.96 159.42 -32.38 2.92
4 16 159.42 -32.38 2.92 159.44 -29.86 2.96 158.91 -29.86 3.1 158.9 -32.38 3.06
4 16 158.9 -32.38 3.06 158.91 -29.86 3.1 158.36 -29.86 3.15 158.36 -32.38 3.11
4 16 158.36 -32.38 3.11 158.36 -29.86 3.15 157.82 -29.86 3.1 157.82 -32.38 3.06
4 16 157.82 -32.38 3.06 157.82 -29.86 3.1 157.28 -29.86 2.96 157.3 -32.38 2.92
4 16 157.3 -32.38 2.92 157.28 -29.86 2.96 156.79 -29.86 2.73 156.81 -32.38 2.69
4 16 156.81 -32.38 2.69 156.79 -29.86 2.73 156.34 -29.86 2.41 156.37 -32.38 2.38
4 16 156.37 -32.38 2.38 156.34 -29.86 2.41 155.95 -29.86 2.02 155.98 -32.38 2
4 16 155.98 -32.38 2 155.95 -29.86 2.02 155.63 -29.86 1.57 155.67 -32.38 1.55
4 16 155.67 -32.38 1.55 155.63 -29.86 1.57 155.4 -29.86 1.08 155.44 -32.38 1.06
4 16 155.44 -32.38 1.06 155.4 -29.86 1.08 155.26 -29.86 0.55 155.3 -32.38 0.54
4 16 155.3 -32.38 0.54 155.26 -29.86 0.55 155.21 -29.86 0 155.26 -32.38 0
4 16 161.51 -29.86 0 162.26 -27.34 0 162.2 -27.34 0.68 161.46 -29.86 0.55
4 16 161.46 -29.86 0.55 162.2 -27.34 0.68 162.02 -27.34 1.33 161.32 -29.86 1.08
4 16 161.32 -29.86 1.08 162.02 -27.34 1.33 161.74 -27.34 1.95 161.09 -29.86 1.57
4 16 161.09 -29.86 1.57 161.74 -27.34 1.95 161.35 -27.34 2.5 160.77 -29.86 2.02
4 16 160.77 -29.86 2.02 161.35 -27.34 2.5 160.87 -27.34 2.98 160.39 -29.86 2.41
4 16 160.39 -29.86 2.41 160.87 -27.34 2.98 160.31 -27.34 3.37 159.94 -29.86 2.73
4 16 159.94 -29.86 2.73 160.31 -27.34 3.37 159.69 -27.34 3.66 159.44 -29.86 2.96
4 16 159.44 -29.86 2.96 159.69 -27.34 3.66 159.04 -27.34 3.84 158.91 -29.86 3.1
4 16 158.91 -29.86 3.1 159.04 -27.34 3.84 158.36 -27.34 3.9 158.36 -29.86 3.15
4 16 158.36 -29.86 3.15 158.36 -27.34 3.9 157.69 -27.34 3.84 157.82 -29.86 3.1
4 16 157.82 -29.86 3.1 157.69 -27.34 3.84 157.03 -27.34 3.66 157.28 -29.86 2.96
4 16 157.28 -29.86 2.96 157.03 -27.34 3.66 156.41 -27.34 3.37 156.79 -29.86 2.73
4 16 156.79 -29.86 2.73 156.41 -27.34 3.37 155.86 -27.34 2.98 156.34 -29.86 2.41
4 16 156.34 -29.86 2.41 155.86 -27.34 2.98 155.38 -27.34 2.5 155.95 -29.86 2.02
4 16 155.95 -29.86 2.02 155.38 -27.34 2.5 154.99 -27.34 1.95 155.63 -29.86 1.57
4 16 155.63 -29.86 1.57 154.99 -27.34 1.95 154.7 -27.34 1.33 155.4 -29.86 1.08
4 16 155.4 -29.86 1.08 154.7 -27.34 1.33 154.52 -27.34 0.68 155.26 -29.86 0.55
4 16 155.26 -29.86 0.55 154.52 -27.34 0.68 154.47 -27.34 0 155.21 -29.86 0
4 16 162.26 -27.34 0 162.46 -16 0 162.39 -16 0.71 162.2 -27.34 0.68
4 16 162.2 -27.34 0.68 162.39 -16 0.71 162.21 -16 1.4 162.02 -27.34 1.33
4 16 162.02 -27.34 1.33 162.21 -16 1.4 161.91 -16 2.05 161.74 -27.34 1.95
4 16 161.74 -27.34 1.95 161.91 -16 2.05 161.5 -16 2.63 161.35 -27.34 2.5
4 16 161.35 -27.34 2.5 161.5 -16 2.63 160.99 -16 3.14 160.87 -27.34 2.98
4 16 160.87 -27.34 2.98 160.99 -16 3.14 160.41 -16 3.55 160.31 -27.34 3.37
4 16 160.31 -27.34 3.37 160.41 -16 3.55 159.76 -16 3.85 159.69 -27.34 3.66
4 16 159.69 -27.34 3.66 159.76 -16 3.85 159.07 -16 4.03 159.04 -27.34 3.84
4 16 159.04 -27.34 3.84 159.07 -16 4.03 158.36 -16 4.09 158.36 -27.34 3.9
4 16 158.36 -27.34 3.9 158.36 -16 4.09 157.65 -16 4.03 157.69 -27.34 3.84
4 16 157.69 -27.34 3.84 157.65 -16 4.03 156.96 -16 3.85 157.03 -27.34 3.66
4 16 157.03 -27.34 3.66 156.96 -16 3.85 156.31 -16 3.55 156.41 -27.34 3.37
4 16 156.41 -27.34 3.37 156.31 -16 3.55 155.73 -16 3.14 155.86 -27.34 2.98
4 16 155.86 -27.34 2.98 155.73 -16 3.14 155.23 -16 2.63 155.38 -27.34 2.5
4 16 155.38 -27.34 2.5 155.23 -16 2.63 154.82 -16 2.05 154.99 -27.34 1.95
4 16 154.99 -27.34 1.95 154.82 -16 2.05 154.51 -16 1.4 154.7 -27.34 1.33
4 16 154.7 -27.34 1.33 154.51 -16 1.4 154.33 -16 0.71 154.52 -27.34 0.68
4 16 154.52 -27.34 0.68 154.33 -16 0.71 154.27 -16 0 154.47 -27.34 0
4 16 157.1 -32.38 0 157.1 -16 0 157.12 -16 0.22 157.12 -32.38 0.22
4 16 157.12 -32.38 0.22 157.12 -16 0.22 157.18 -16 0.43 157.18 -32.38 0.43
4 16 157.18 -32.38 0.43 157.18 -16 0.43 157.27 -16 0.63 157.27 -32.38 0.63
4 16 157.27 -32.38 0.63 157.27 -16 0.63 157.4 -16 0.81 157.4 -32.38 0.81
4 16 157.4 -32.38 0.81 157.4 -16 0.81 157.55 -16 0.97 157.55 -32.38 0.97
4 16 157.55 -32.38 0.97 157.55 -16 0.97 157.73 -16 1.09 157.73 -32.38 1.09
4 16 157.73 -32.38 1.09 157.73 -16 1.09 157.93 -16 1.18 157.93 -32.38 1.18
4 16 157.93 -32.38 1.18 157.93 -16 1.18 158.14 -16 1.24 158.14 -32.38 1.24
4 16 158.14 -32.38 1.24 158.14 -16 1.24 158.36 -16 1.26 158.36 -32.38 1.26
4 16 158.36 -32.38 1.26 158.36 -16 1.26 158.58 -16 1.24 158.58 -32.38 1.24
4 16 158.58 -32.38 1.24 158.58 -16 1.24 158.79 -16 1.18 158.79 -32.38 1.18
4 16 158.79 -32.38 1.18 158.79 -16 1.18 158.99 -16 1.09 158.99 -32.38 1.09
4 16 158.99 -32.38 1.09 158.99 -16 1.09 159.17 -16 0.97 159.17 -32.38 0.97
4 16 159.17 -32.38 0.97 159.17 -16 0.97 159.33 -16 0.81 159.33 -32.38 0.81
4 16 159.33 -32.38 0.81 159.33 -16 0.81 159.45 -16 0.63 159.45 -32.38 0.63
4 16 159.45 -32.38 0.63 159.45 -16 0.63 159.55 -16 0.43 159.55 -32.38 0.43
4 16 159.55 -32.38 0.43 159.55 -16 0.43 159.6 -16 0.22 159.6 -32.38 0.22
4 16 159.6 -32.38 0.22 159.6 -16 0.22 159.62 -16 0 159.62 -32.38 0
4 16 155.26 -32.38 0 155.21 -29.86 0 155.26 -29.86 -0.55 155.3 -32.38 -0.54
4 16 155.3 -32.38 -0.54 155.26 -29.86 -0.55 155.4 -29.86 -1.08 155.44 -32.38 -1.06
4 16 155.44 -32.38 -1.06 155.4 -29.86 -1.08 155.63 -29.86 -1.57 155.67 -32.38 -1.55
4 16 155.67 -32.38 -1.55 155.63 -29.86 -1.57 155.95 -29.86 -2.02 155.98 -32.38 -2
4 16 155.98 -32.38 -2 155.95 -29.86 -2.02 156.34 -29.86 -2.41 156.37 -32.38 -2.38
4 16 156.37 -32.38 -2.38 156.34 -29.86 -2.41 156.79 -29.86 -2.73 156.81 -32.38 -2.69
4 16 156.81 -32.38 -2.69 156.79 -29.86 -2.73 157.28 -29.86 -2.96 157.3 -32.38 -2.92
4 16 157.3 -32.38 -2.92 157.28 -29.86 -2.96 157.82 -29.86 -3.1 157.82 -32.38 -3.06
4 16 157.82 -32.38 -3.06 157.82 -29.86 -3.1 158.36 -29.86 -3.15 158.36 -32.38 -3.11
4 16 158.36 -32.38 -3.11 158.36 -29.86 -3.15 158.91 -29.86 -3.1 158.9 -32.38 -3.06
4 16 158.9 -32.38 -3.06 158.91 -29.86 -3.1 159.44 -29.86 -2.96 159.42 -32.38 -2.92
4 16 159.42 -32.38 -2.92 159.44 -29.86 -2.96 159.94 -29.86 -2.73 159.91 -32.38 -2.69
4 16 159.91 -32.38 -2.69 159.94 -29.86 -2.73 160.39 -29.86 -2.41 160.36 -32.38 -2.38
4 16 160.36 -32.38 -2.38 160.39 -29.86 -2.41 160.77 -29.86 -2.02 160.74 -32.38 -2
4 16 160.74 -32.38 -2 160.77 -29.86 -2.02 161.09 -29.86 -1.57 161.05 -32.38 -1.55
4 16 161.05 -32.38 -1.55 161.09 -29.86 -1.57 161.32 -29.86 -1.08 161.28 -32.38 -1.06
4 16 161.28 -32.38 -1.06 161.32 -29.86 -1.08 161.46 -29.86 -0.55 161.42 -32.38 -0.54
4 16 161.42 -32.38 -0.54 161.46 -29.86 -0.55 161.51 -29.86 0 161.47 -32.38 0
4 16 162.46 -15.87 0 162.46 -16 0 162.39 -16 -0.71 162.39 -15.87 -0.71
4 16 162.39 -15.87 -0.71 162.39 -16 -0.71 162.21 -16 -1.4 162.21 -15.87 -1.4
4 16 162.21 -15.87 -1.4 162.21 -16 -1.4 161.91 -16 -2.05 161.91 -15.87 -2.05
4 16 161.91 -15.87 -2.05 161.91 -16 -2.05 161.5 -16 -2.63 161.5 -15.87 -2.63
4 16 161.5 -15.87 -2.63 161.5 -16 -2.63 160.99 -16 -3.14 160.99 -15.87 -3.14
4 16 160.99 -15.87 -3.14 160.99 -16 -3.14 160.41 -16 -3.55 160.41 -15.87 -3.55
4 16 160.41 -15.87 -3.55 160.41 -16 -3.55 159.76 -16 -3.85 159.76 -15.87 -3.85
4 16 159.76 -15.87 -3.85 159.76 -16 -3.85 159.07 -16 -4.03 159.07 -15.87 -4.03
4 16 159.07 -15.87 -4.03 159.07 -16 -4.03 158.36 -16 -4.09 158.36 -15.87 -4.09
4 16 158.36 -15.87 -4.09 158.36 -16 -4.09 157.65 -16 -4.03 157.65 -15.87 -4.03
3 16 157.65 -15.87 -4.03 157.65 -16 -4.03 157.35 -15.87 -3.97
3 16 157.35 -15.87 -3.97 157.65 -16 -4.03 156.96 -16 -3.85
4 16 157.35 -15.87 -3.97 156.96 -16 -3.85 156.96 -15.3 -3.85 157.35 -15.27 -3.97
2 24 156.96 -15.3 -3.85 157.35 -15.27 -3.97
3 16 154.65 -15.68 -1.73 154.82 -15.65 -2.05 154.82 -16 -2.05
2 24 154.65 -15.68 -1.73 154.82 -15.65 -2.05
4 16 154.82 -16 -2.05 154.82 -15.65 -2.05 155.23 -15.56 -2.63 155.23 -16 -2.63
2 24 154.82 -15.65 -2.05 155.23 -15.56 -2.63
4 16 155.23 -16 -2.63 155.23 -15.56 -2.63 155.73 -15.46 -3.14 155.73 -16 -3.14
2 24 155.23 -15.56 -2.63 155.73 -15.46 -3.14
4 16 155.73 -16 -3.14 155.73 -15.46 -3.14 156.31 -15.38 -3.55 156.31 -16 -3.55
2 24 155.73 -15.46 -3.14 156.31 -15.38 -3.55
3 16 156.31 -16 -3.55 156.31 -15.38 -3.55 156.63 -15.34 -3.71
2 24 156.31 -15.38 -3.55 156.63 -15.34 -3.71
3 16 156.31 -16 -3.55 156.63 -15.34 -3.71 156.96 -16 -3.85
3 16 156.96 -16 -3.85 156.63 -15.34 -3.71 156.96 -15.3 -3.85
2 24 156.63 -15.34 -3.71 156.96 -15.3 -3.85
3 16 154.65 -15.68 -1.73 154.82 -16 -2.05 154.51 -15.72 -1.4
2 24 154.51 -15.72 -1.4 154.65 -15.68 -1.73
3 16 154.51 -15.72 -1.4 154.82 -16 -2.05 154.51 -16 -1.4
3 16 154.51 -15.72 -1.4 154.51 -16 -1.4 154.39 -15.75 -1
2 24 154.39 -15.75 -1 154.51 -15.72 -1.4
3 16 154.39 -15.75 -1 154.51 -16 -1.4 154.33 -16 -0.71
3 16 154.39 -15.75 -1 154.33 -16 -0.71 154.33 -15.75 -0.71
4 16 154.33 -15.75 -0.71 154.33 -16 -0.71 154.27 -16 0 154.27 -15.75 0
4 16 155.21 -29.86 0 154.47 -27.34 0 154.52 -27.34 -0.68 155.26 -29.86 -0.55
4 16 155.26 -29.86 -0.55 154.52 -27.34 -0.68 154.7 -27.34 -1.33 155.4 -29.86 -1.08
4 16 155.4 -29.86 -1.08 154.7 -27.34 -1.33 154.99 -27.34 -1.95 155.63 -29.86 -1.57
4 16 155.63 -29.86 -1.57 154.99 -27.34 -1.95 155.38 -27.34 -2.5 155.95 -29.86 -2.02
4 16 155.95 -29.86 -2.02 155.38 -27.34 -2.5 155.86 -27.34 -2.98 156.34 -29.86 -2.41
4 16 156.34 -29.86 -2.41 155.86 -27.34 -2.98 156.41 -27.34 -3.37 156.79 -29.86 -2.73
4 16 156.79 -29.86 -2.73 156.41 -27.34 -3.37 157.03 -27.34 -3.66 157.28 -29.86 -2.96
4 16 157.28 -29.86 -2.96 157.03 -27.34 -3.66 157.69 -27.34 -3.84 157.82 -29.86 -3.1
4 16 157.82 -29.86 -3.1 157.69 -27.34 -3.84 158.36 -27.34 -3.9 158.36 -29.86 -3.15
4 16 158.36 -29.86 -3.15 158.36 -27.34 -3.9 159.04 -27.34 -3.84 158.91 -29.86 -3.1
4 16 158.91 -29.86 -3.1 159.04 -27.34 -3.84 159.69 -27.34 -3.66 159.44 -29.86 -2.96
4 16 159.44 -29.86 -2.96 159.69 -27.34 -3.66 160.31 -27.34 -3.37 159.94 -29.86 -2.73
4 16 159.94 -29.86 -2.73 160.31 -27.34 -3.37 160.87 -27.34 -2.98 160.39 -29.86 -2.41
4 16 160.39 -29.86 -2.41 160.87 -27.34 -2.98 161.35 -27.34 -2.5 160.77 -29.86 -2.02
4 16 160.77 -29.86 -2.02 161.35 -27.34 -2.5 161.74 -27.34 -1.95 161.09 -29.86 -1.57
4 16 161.09 -29.86 -1.57 161.74 -27.34 -1.95 162.02 -27.34 -1.33 161.32 -29.86 -1.08
4 16 161.32 -29.86 -1.08 162.02 -27.34 -1.33 162.2 -27.34 -0.68 161.46 -29.86 -0.55
4 16 161.46 -29.86 -0.55 162.2 -27.34 -0.68 162.26 -27.34 0 161.51 -29.86 0
4 16 154.47 -27.34 0 154.27 -16 0 154.33 -16 -0.71 154.52 -27.34 -0.68
4 16 154.52 -27.34 -0.68 154.33 -16 -0.71 154.51 -16 -1.4 154.7 -27.34 -1.33
4 16 154.7 -27.34 -1.33 154.51 -16 -1.4 154.82 -16 -2.05 154.99 -27.34 -1.95
4 16 154.99 -27.34 -1.95 154.82 -16 -2.05 155.23 -16 -2.63 155.38 -27.34 -2.5
4 16 155.38 -27.34 -2.5 155.23 -16 -2.63 155.73 -16 -3.14 155.86 -27.34 -2.98
4 16 155.86 -27.34 -2.98 155.73 -16 -3.14 156.31 -16 -3.55 156.41 -27.34 -3.37
4 16 156.41 -27.34 -3.37 156.31 -16 -3.55 156.96 -16 -3.85 157.03 -27.34 -3.66
4 16 157.03 -27.34 -3.66 156.96 -16 -3.85 157.65 -16 -4.03 157.69 -27.34 -3.84
4 16 157.69 -27.34 -3.84 157.65 -16 -4.03 158.36 -16 -4.09 158.36 -27.34 -3.9
4 16 158.36 -27.34 -3.9 158.36 -16 -4.09 159.07 -16 -4.03 159.04 -27.34 -3.84
4 16 159.04 -27.34 -3.84 159.07 -16 -4.03 159.76 -16 -3.85 159.69 -27.34 -3.66
4 16 159.69 -27.34 -3.66 159.76 -16 -3.85 160.41 -16 -3.55 160.31 -27.34 -3.37
4 16 160.31 -27.34 -3.37 160.41 -16 -3.55 160.99 -16 -3.14 160.87 -27.34 -2.98
4 16 160.87 -27.34 -2.98 160.99 -16 -3.14 161.5 -16 -2.63 161.35 -27.34 -2.5
4 16 161.35 -27.34 -2.5 161.5 -16 -2.63 161.91 -16 -2.05 161.74 -27.34 -1.95
4 16 161.74 -27.34 -1.95 161.91 -16 -2.05 162.21 -16 -1.4 162.02 -27.34 -1.33
4 16 162.02 -27.34 -1.33 162.21 -16 -1.4 162.39 -16 -0.71 162.2 -27.34 -0.68
4 16 162.2 -27.34 -0.68 162.39 -16 -0.71 162.46 -16 0 162.26 -27.34 0
4 16 157.35 -1.72 15.69 157.35 1.72 15.69 85.48 1.72 15.69 85.48 -1.72 15.69
4 16 157.35 15.75 1 85.48 15.75 1 85.48 15.46 3.18 157.35 15.46 3.18
4 16 157.35 15.46 3.18 85.48 15.46 3.18 85.48 14.86 5.3 157.35 14.86 5.3
4 16 157.35 14.86 5.3 85.48 14.86 5.3 85.48 13.98 7.32 157.35 13.98 7.32
4 16 157.35 13.98 7.32 85.48 13.98 7.32 85.48 12.82 9.2 157.35 12.82 9.2
4 16 157.35 12.82 9.2 85.48 12.82 9.2 85.48 11.41 10.9 157.35 11.41 10.9
4 16 157.35 11.41 10.9 85.48 11.41 10.9 85.48 9.78 12.38 157.35 9.78 12.38
4 16 157.35 9.78 12.38 85.48 9.78 12.38 85.48 7.96 13.62 157.35 7.96 13.62
4 16 157.35 7.96 13.62 85.48 7.96 13.62 85.48 5.99 14.6 157.35 5.99 14.6
4 16 157.35 5.99 14.6 85.48 5.99 14.6 85.48 3.89 15.29 157.35 3.89 15.29
4 16 157.35 3.89 15.29 85.48 3.89 15.29 85.48 1.72 15.69 157.35 1.72 15.69
4 16 85.48 15.75 1 157.35 15.75 1 157.35 15.75 -1 85.48 15.75 -1
4 16 85.48 1.72 -15.69 157.35 1.72 -15.69 157.35 -1.72 -15.69 85.48 -1.72 -15.69
4 16 157.35 1.72 -15.69 85.48 1.72 -15.69 85.48 3.89 -15.29 157.35 3.89 -15.29
4 16 157.35 3.89 -15.29 85.48 3.89 -15.29 85.48 5.99 -14.6 157.35 5.99 -14.6
4 16 157.35 5.99 -14.6 85.48 5.99 -14.6 85.48 7.96 -13.62 157.35 7.96 -13.62
4 16 157.35 7.96 -13.62 85.48 7.96 -13.62 85.48 9.78 -12.38 157.35 9.78 -12.38
4 16 157.35 9.78 -12.38 85.48 9.78 -12.38 85.48 11.41 -10.9 157.35 11.41 -10.9
4 16 157.35 11.41 -10.9 85.48 11.41 -10.9 85.48 12.82 -9.2 157.35 12.82 -9.2
4 16 157.35 12.82 -9.2 85.48 12.82 -9.2 85.48 13.98 -7.32 157.35 13.98 -7.32
4 16 157.35 13.98 -7.32 85.48 13.98 -7.32 85.48 14.86 -5.3 157.35 14.86 -5.3
4 16 157.35 14.86 -5.3 85.48 14.86 -5.3 85.48 15.46 -3.18 157.35 15.46 -3.18
4 16 157.35 15.46 -3.18 85.48 15.46 -3.18 85.48 15.75 -1 157.35 15.75 -1
3 16 156.31 -15.38 3.55 85.48 -14.86 5.3 155.73 -15.46 3.14
3 16 155.73 -15.46 3.14 85.48 -14.86 5.3 85.48 -15.46 3.18
3 16 155.73 -15.46 3.14 85.48 -15.46 3.18 155.23 -15.56 2.63
3 16 156.31 -15.38 3.55 156.63 -15.34 3.71 157.35 -14.86 5.3
3 16 157.35 -14.86 5.3 156.63 -15.34 3.71 156.96 -15.3 3.85
3 16 157.35 -14.86 5.3 156.96 -15.3 3.85 157.35 -15.27 3.97
3 16 85.48 -15.75 1 154.39 -15.75 1 85.48 -15.46 3.18
3 16 85.48 -15.46 3.18 154.39 -15.75 1 154.51 -15.72 1.4
3 16 154.51 -15.72 1.4 154.65 -15.68 1.73 85.48 -15.46 3.18
3 16 85.48 -15.46 3.18 154.65 -15.68 1.73 154.82 -15.65 2.05
3 16 85.48 -15.46 3.18 154.82 -15.65 2.05 155.23 -15.56 2.63
3 16 156.31 -15.38 3.55 157.35 -14.86 5.3 85.48 -14.86 5.3
4 16 85.48 -14.86 5.3 157.35 -14.86 5.3 157.35 -13.98 7.32 85.48 -13.98 7.32
4 16 85.48 -13.98 7.32 157.35 -13.98 7.32 157.35 -12.82 9.2 85.48 -12.82 9.2
4 16 85.48 -12.82 9.2 157.35 -12.82 9.2 157.35 -11.41 10.9 85.48 -11.41 10.9
4 16 85.48 -11.41 10.9 157.35 -11.41 10.9 157.35 -9.78 12.38 85.48 -9.78 12.38
4 16 85.48 -9.78 12.38 157.35 -9.78 12.38 157.35 -7.96 13.62 85.48 -7.96 13.62
4 16 85.48 -7.96 13.62 157.35 -7.96 13.62 157.35 -5.99 14.6 85.48 -5.99 14.6
4 16 85.48 -5.99 14.6 157.35 -5.99 14.6 157.35 -3.89 15.29 85.48 -3.89 15.29
4 16 85.48 -3.89 15.29 157.35 -3.89 15.29 157.35 -1.72 15.69 85.48 -1.72 15.69
3 16 155.73 -15.46 -3.14 155.23 -15.56 -2.63 85.48 -15.46 -3.18
3 16 85.48 -15.46 -3.18 155.23 -15.56 -2.63 154.82 -15.65 -2.05
3 16 154.39 -15.75 -1 85.48 -15.75 -1 154.51 -15.72 -1.4
3 16 154.51 -15.72 -1.4 85.48 -15.75 -1 85.48 -15.46 -3.18
3 16 154.51 -15.72 -1.4 85.48 -15.46 -3.18 154.65 -15.68 -1.73
3 16 154.65 -15.68 -1.73 85.48 -15.46 -3.18 154.82 -15.65 -2.05
3 16 157.35 -15.27 -3.97 156.96 -15.3 -3.85 157.35 -14.86 -5.3
3 16 157.35 -14.86 -5.3 156.96 -15.3 -3.85 156.63 -15.34 -3.71
3 16 155.73 -15.46 -3.14 85.48 -15.46 -3.18 156.31 -15.38 -3.55
3 16 156.31 -15.38 -3.55 85.48 -15.46 -3.18 85.48 -14.86 -5.3
3 16 156.31 -15.38 -3.55 85.48 -14.86 -5.3 156.63 -15.34 -3.71
3 16 156.63 -15.34 -3.71 85.48 -14.86 -5.3 157.35 -14.86 -5.3
4 16 157.35 -14.86 -5.3 85.48 -14.86 -5.3 85.48 -13.98 -7.32 157.35 -13.98 -7.32
4 16 157.35 -13.98 -7.32 85.48 -13.98 -7.32 85.48 -12.82 -9.2 157.35 -12.82 -9.2
4 16 157.35 -12.82 -9.2 85.48 -12.82 -9.2 85.48 -11.41 -10.9 157.35 -11.41 -10.9
4 16 157.35 -11.41 -10.9 85.48 -11.41 -10.9 85.48 -9.78 -12.38 157.35 -9.78 -12.38
4 16 157.35 -9.78 -12.38 85.48 -9.78 -12.38 85.48 -7.96 -13.62 157.35 -7.96 -13.62
4 16 157.35 -7.96 -13.62 85.48 -7.96 -13.62 85.48 -5.99 -14.6 157.35 -5.99 -14.6
4 16 157.35 -5.99 -14.6 85.48 -5.99 -14.6 85.48 -3.89 -15.29 157.35 -3.89 -15.29
4 16 157.35 -3.89 -15.29 85.48 -3.89 -15.29 85.48 -1.72 -15.69 157.35 -1.72 -15.69
