0 ~VEX Pin Split Base
0 Name: s\vexpinsplitbase.dat
0 Author: Philippe Hurbain [Philo]
0 !LDRAW_ORG Subpart
0 !LICENSE Redistributable under CCAL version 2.0 : see CAreadme.txt

0 BFC CERTIFY CCW

0 !HISTORY 2014-03-19 [Philo] File preparation for LDraw Parts Tracker

0 // Though this file carries Ldraw official tag to be recognized by some tools
0 // it is not endorsed or validated by LDraw organization

1 16 0 0 0 7.39104 0 -3.06147 0 -2.2 0 -3.06147 0 -7.39104 3-8cyli.dat
1 16 0 -2.2 0 7.39104 0 -3.06147 0 -1 0 -3.06147 0 -7.39104 3-8edge.dat
1 16 0 -2.2 0 7.39104 0 -3.06147 0 1 0 -3.06147 0 -7.39104 3-8chrd.dat
4 16 7.6421 -2.2 -1.8 7.3912 -2.2 -3.0616 7.3912 0 -3.0616 7.6075 0 -1.9737
2 24 7.6421 -2.2 -1.8 7.6075 0 -1.9737
5 24 7.3912 -2.2 -3.0616 7.3912 0 -3.0616 8 -2.2 0 6.1232 -2.2 -6.1232
2 24 7.6421 -2.2 -1.8 7.3912 -2.2 -3.0616
4 16 4.1912 -2.2 -3.0616 7.3912 -2.2 -3.0616 7.6421 -2.2 -1.8 4.9421 -2.2 -1.8
2 24 7.6421 -2.2 -1.8 4.9421 -2.2 -1.8
4 16 -7.6075 0 -1.9737 -7.3912 0 -3.0616 -7.3912 -2.2 -3.0616 -7.6421 -2.2 -1.8
2 24 -7.6421 -2.2 -1.8 -7.6075 0 -1.9737
5 24 -7.3912 -2.2 -3.0616 -7.3912 0 -3.0616 -8 -2.2 0 -6.1232 -2.2 -6.1232
2 24 -7.6421 -2.2 -1.8 -7.3912 -2.2 -3.0616
4 16 -4.9421 -2.2 -1.8 -7.6421 -2.2 -1.8 -7.3912 -2.2 -3.0616 -4.1912 -2.2 -3.0616
2 24 -7.6421 -2.2 -1.8 -4.9421 -2.2 -1.8
4 16 7.6075 0 -1.9737 -7.6075 0 -1.9737 -7.6421 -2.2 -1.8 7.6421 -2.2 -1.8
5 24 -7.6075 0 -1.9737 7.6075 0 -1.9737 7.6421 -2.2 -1.8 -7.6421 2.2 -1.8
