0 ~VEX Pin  1L
0 Name: s\vexpin1.dat
0 Author: Philippe Hurbain [Philo]
0 !LDRAW_ORG Subpart
0 !LICENSE Redistributable under CCAL version 2.0 : see CAreadme.txt

0 BFC CERTIFY CCW

0 !HISTORY 2014-03-19 [Philo] File preparation for LDraw Parts Tracker

0 // Though this file carries Ldraw official tag to be recognized by some tools
0 // it is not endorsed or validated by LDraw organization

1 16 0 0 0 8 0 0 0 -2.2 0 0 0 -8 4-4cyli.dat
1 16 0 -2.2 0 8 0 0 0 -1 0 0 0 -8 4-4edge.dat
1 16 0 -2.2 0 8 0 0 0 1 0 0 0 -8 4-4disc.dat
1 16 0 -2.2 0 2.02822 0 4.89656 0 -11.6 0 4.89656 0 -2.02822 1-8cylo.dat
1 16 0 -2.2 0 -2.02822 0 -4.89656 0 -11.6 0 -4.89656 0 2.02822 1-8cylo.dat
1 16 0 0 0 1 0 0 0 1 0 0 0 1 s\vexpincap.dat
1 16 0 0 0 -1 0 0 0 1 0 0 0 -1 s\vexpincap.dat
1 16 0 -2.2 0 2.02822 0 4.89656 0 -11.6 0 4.89656 0 -2.02822 3-8cylo.dat
1 16 0 -2.2 0 -2.02822 0 -4.89656 0 -11.6 0 -4.89656 0 2.02822 3-8cylo.dat
4 16 1 -13 5.1012 1 -13.8 5.1012 2.0283 -13.8 4.8967 1.8 -13 4.9421
4 16 1.2 -6.2 5.0614 1.8 -13 4.9421 2.0283 -13.8 4.8967 2.0283 -2.2 4.8967
3 16 1.2 -6.2 5.0614 2.0283 -2.2 4.8967 0.7 -5.6 5.1608
4 16 0 -5.3 5.3 0.7 -5.6 5.1608 2.0283 -2.2 4.8967 0 -2.2 5.3
2 24 1 -13.8 5.1012 2.0283 -13.8 4.8967
2 24 1.8 -13 4.9421 1 -13 5.1012
2 24 1.2 -6.2 5.0614 1.8 -13 4.9421
2 24 0.7 -5.6 5.1608 1.2 -6.2 5.0614
2 24 0 -5.3 5.3 0.7 -5.6 5.1608
2 24 2.0283 -2.2 4.8967 0 -2.2 5.3
4 16 1.8 -13 -4.9421 2.0283 -13.8 -4.8967 1 -13.8 -5.1012 1 -13 -5.1012
4 16 2.0283 -2.2 -4.8967 2.0283 -13.8 -4.8967 1.8 -13 -4.9421 1.2 -6.2 -5.0614
3 16 0.7 -5.6 -5.1608 2.0283 -2.2 -4.8967 1.2 -6.2 -5.0614
4 16 0 -2.2 -5.3 2.0283 -2.2 -4.8967 0.7 -5.6 -5.1608 0 -5.3 -5.3
2 24 1 -13.8 -5.1012 2.0283 -13.8 -4.8967
2 24 1.8 -13 -4.9421 1 -13 -5.1012
2 24 1.2 -6.2 -5.0614 1.8 -13 -4.9421
2 24 0.7 -5.6 -5.1608 1.2 -6.2 -5.0614
2 24 0 -5.3 -5.3 0.7 -5.6 -5.1608
2 24 2.0283 -2.2 -4.8967 0 -2.2 -5.3
4 16 0 -5.3 -5.3 0.7 -5.6 -5.1608 0.7 -5.6 5.1608 0 -5.3 5.3
4 16 0.7 -5.6 -5.1608 1.2 -6.2 -5.0614 1.2 -6.2 5.0614 0.7 -5.6 5.1608
4 16 1.2 -6.2 -5.0614 1.8 -13 -4.9421 1.8 -13 4.9421 1.2 -6.2 5.0614
4 16 1.8 -13 -4.9421 1 -13 -5.1012 1 -13 5.1012 1.8 -13 4.9421
1 16 1 -13.4 0 0 1 0 0 0 0.4 5.1012 0 0 rect3.dat
5 24 0.7 -5.6 5.1608 0.7 -5.6 -5.1608 1.2 -6.2 5.0614 0 -5.3 5.3
5 24 1.2 -6.2 5.0614 1.2 -6.2 -5.0614 1.8 -13 4.9421 0.7 -5.6 5.1608
2 24 1.8 -13 4.9421 1.8 -13 -4.9421
4 16 -1.8 -13 4.9421 -2.0283 -13.8 4.8967 -1 -13.8 5.1012 -1 -13 5.1012
4 16 -2.0283 -2.2 4.8967 -2.0283 -13.8 4.8967 -1.8 -13 4.9421 -1.2 -6.2 5.0614
3 16 -0.7 -5.6 5.1608 -2.0283 -2.2 4.8967 -1.2 -6.2 5.0614
4 16 0 -2.2 5.3 -2.0283 -2.2 4.8967 -0.7 -5.6 5.1608 0 -5.3 5.3
2 24 -1 -13.8 5.1012 -2.0283 -13.8 4.8967
2 24 -1.8 -13 4.9421 -1 -13 5.1012
2 24 -1.2 -6.2 5.0614 -1.8 -13 4.9421
2 24 -0.7 -5.6 5.1608 -1.2 -6.2 5.0614
2 24 0 -5.3 5.3 -0.7 -5.6 5.1608
2 24 -2.0283 -2.2 4.8967 0 -2.2 5.3
4 16 -1 -13 -5.1012 -1 -13.8 -5.1012 -2.0283 -13.8 -4.8967 -1.8 -13 -4.9421
4 16 -1.2 -6.2 -5.0614 -1.8 -13 -4.9421 -2.0283 -13.8 -4.8967 -2.0283 -2.2 -4.8967
3 16 -1.2 -6.2 -5.0614 -2.0283 -2.2 -4.8967 -0.7 -5.6 -5.1608
4 16 0 -5.3 -5.3 -0.7 -5.6 -5.1608 -2.0283 -2.2 -4.8967 0 -2.2 -5.3
2 24 -1 -13.8 -5.1012 -2.0283 -13.8 -4.8967
2 24 -1.8 -13 -4.9421 -1 -13 -5.1012
2 24 -1.2 -6.2 -5.0614 -1.8 -13 -4.9421
2 24 -0.7 -5.6 -5.1608 -1.2 -6.2 -5.0614
2 24 0 -5.3 -5.3 -0.7 -5.6 -5.1608
2 24 -2.0283 -2.2 -4.8967 0 -2.2 -5.3
4 16 0 -5.3 5.3 -0.7 -5.6 5.1608 -0.7 -5.6 -5.1608 0 -5.3 -5.3
4 16 -0.7 -5.6 5.1608 -1.2 -6.2 5.0614 -1.2 -6.2 -5.0614 -0.7 -5.6 -5.1608
4 16 -1.2 -6.2 5.0614 -1.8 -13 4.9421 -1.8 -13 -4.9421 -1.2 -6.2 -5.0614
4 16 -1.8 -13 4.9421 -1 -13 5.1012 -1 -13 -5.1012 -1.8 -13 -4.9421
1 16 -1 -13.4 0 0 -1 0 0 0 0.4 -5.1012 0 0 rect3.dat
5 24 -0.7 -5.6 5.1608 -0.7 -5.6 -5.1608 -1.2 -6.2 5.0614 0 -5.3 5.3
5 24 -1.2 -6.2 5.0614 -1.2 -6.2 -5.0614 -1.8 -13 4.9421 -0.7 -5.6 5.1608
2 24 -1.8 -13 4.9421 -1.8 -13 -4.9421
5 24 2.0283 -13.8 4.8967 2.0283 -2.2 4.8967 1.2 -6.2 5.0614 3.7478 -13.8 3.7477
5 24 0 -2.2 5.3 0 -5.3 5.3 0.7 -5.6 5.1608 -2.0283 -2.2 4.8967
5 24 2.0283 -2.2 -4.8967 2.0283 -13.8 -4.8967 1.8 -13 -4.9421 3.7477 -2.2 -3.7478
5 24 0 -5.3 -5.3 0 -2.2 -5.3 2.0283 -2.2 -4.8967 -0.7 -5.6 -5.1608
5 24 0 -5.3 5.3 0 -5.3 -5.3 0.7 -5.6 -5.1608 -0.7 -5.6 5.1608
5 24 -2.0283 -2.2 4.8967 -2.0283 -13.8 4.8967 -1.8 -13 4.9421 -3.7477 -2.2 3.7478
5 24 -2.0283 -13.8 -4.8967 -2.0283 -2.2 -4.8967 -1.2 -6.2 -5.0614 -3.7478 -13.8 -3.7477
