0 ~VEX Pin Tip Cap
0 Name: s\vexpincap.dat
0 Author: Philippe Hurbain [Philo]
0 !LDRAW_ORG Subpart
0 !LICENSE Redistributable under CCAL version 2.0 : see CAreadme.txt

0 BFC CERTIFY CCW

0 !HISTORY 2014-03-19 [Philo] File preparation for LDraw Parts Tracker

0 // Though this file carries Ldraw official tag to be recognized by some tools
0 // it is not endorsed or validated by LDraw organization

1 16 0 -13.8 0 0.16902 0 0.40805 0 -1 0 0.40805 0 -0.16902 3-8rin12.dat
1 16 0 -13.8 0 2.19724 0 5.30461 0 1 0 5.30461 0 -2.19724 3-8edge.dat
1 16 0 -15.4 0 2.02822 0 4.89656 0 1 0 4.89656 0 -2.02822 3-8edge.dat
1 16 0 -15.4 0 2.02822 0 4.89656 0 1 0 4.89656 0 -2.02822 3-8chrd.dat
1 16 0 -13.8 0 0.16902 0 0.40805 0 -1.6 0 0.40805 0 -0.16902 3-8con12.dat
4 16 1 -13.8 5.3046 1 -15.4 4.8966 2.0282 -15.4 4.8966 2.1973 -13.8 5.3046
1 16 1.5141 -15.4 5e-005 0 0 -0.5141 0 1 0 4.89655 0 0 rect3.dat
4 16 1 -15.4 -4.8965 1 -13.8 -5.3046 2.1972 -13.8 -5.3046 2.0282 -15.4 -4.8965
4 16 1 -13.8 -5.3046 1 -13.8 -5.1012 2.0282 -13.8 -4.8965 2.1972 -13.8 -5.3046
2 24 2.1973 -13.8 5.3046 1 -13.8 5.3046
2 24 2.1972 -13.8 -5.3046 1 -13.8 -5.3046
2 24 1 -13.8 5.1012 1 -13.8 5.3046
2 24 1 -13.8 -5.3046 1 -13.8 -5.1012
2 24 1 -13.8 5.3046 1 -15.4 4.8966
2 24 1 -15.4 -4.8965 1 -13.8 -5.3046
4 16 1 -13.8 -5.3046 1 -15.4 -4.8965 1 -15.4 4.8966 1 -13.8 5.3046
4 16 1 -13.8 5.1012 1 -13.8 5.3046 2.1973 -13.8 5.3046 2.0282 -13.8 4.8966
5 24 2.0282 -15.4 4.8966 2.1973 -13.8 5.3046 1 -13.8 5.3046 3.7478 -15.4 3.7477
5 24 2.1972 -13.8 -5.3046 2.0282 -15.4 -4.8965 1 -15.4 -4.8965 3.7477 -15.4 -3.7478
